--------------------------------
82633 72169 84453 79835 92991 82042 70834 85886 76843 86183 79962 89656 96049 86839 89816 96426 89739 86215 95742 87034 83770 98234 85937 81360 91202 97784 83096 77943 104956 86764
83293 79107 100460 81740 94383 90721 70114 80231 74689 78566 87507 96230 97959 87229 83645 95831 87002 89061 103127 84825 94414 94468 75582 84275 82533 88247 87259 72469 109264 92254
88856 81554 92199 70760 98171 87981 76405 78924 67587 78356 84881 106692 94025 78764 97045 98054 93304 82700 104457 94303 83647 97871 75590 87904 85907 98638 89188 80849 110102 87008
90109 74674 86386 73020 93253 89950 71992 81096 71426 81970 77407 91323 95494 83078 87320 93810 87902 75973 91438 90615 81802 94854 76245 80149 79053 93803 83249 75753 97836 82022
80620 67551 77890 67004 86432 81114 59322 68717 57266 76211 80854 77123 86200 63669 72802 82293 74599 72197 84764 67575 79426 84744 60790 70595 70264 85255 67226 65341 88562 80682
83209 75268 88125 68604 94461 79717 59129 68511 62853 62714 77217 97401 90697 65932 85437 94330 82636 68763 97857 79399 76670 79612 68563 75621 77156 83495 77875 76077 101316 80166
84452 67363 79616 76141 93920 81193 59950 80385 62926 78815 77400 83274 87992 85098 80838 90181 81818 77031 87477 78772 80207 91530 76382 78632 75407 84936 80179 71662 92380 77261
87285 76060 91762 71782 87192 83524 63528 83647 71367 69871 75021 82891 92961 76690 81551 91765 91344 83430 95306 86586 84317 88864 68432 79763 82404 94172 83854 69550 99615 79358
85875 77569 94342 70620 85241 85819 63891 68417 67652 70460 79082 98562 94065 78556 77880 88619 90886 74166 96880 89500 84984 85364 74977 78666 82532 86562 87047 72674 99610 78893
57792 50886 64513 54358 75707 57699 44249 57787 49476 56110 59048 64060 67023 51890 72418 76137 59807 51468 70241 59260 63470 71457 51337 65102 55829 63619 59541 54840 76798 58095
77088 61603 74541 63674 77337 72313 66006 78106 61001 70714 75295 89281 81811 76856 72988 73947 75550 72347 92688 72836 68675 82889 67957 60846 76054 81460 69710 58533 81741 72245
75306 62553 71934 65525 78022 74167 57675 65406 55937 73751 69900 71053 76635 62500 70426 79732 66161 68974 76234 65587 68351 76467 53767 62142 70132 86235 63491 59833 87158 83056
85295 77453 99025 70980 92354 87220 70111 81470 69524 77671 81043 97081 96069 89671 91476 90923 86542 86268 101564 91362 82172 94950 83265 82778 85541 87563 87606 67453 100955 84148
75355 66455 75282 58711 76012 75830 61956 63179 60486 66031 69824 73673 79747 74871 72919 78196 71904 66919 79976 72159 69570 76165 66344 66588 67467 78725 71665 61219 83255 76487
81406 69442 70435 64044 86847 77093 60902 75285 59718 66352 78048 78458 78644 66170 78521 90396 73724 72130 96008 74738 71964 77565 54848 74014 71842 88884 72315 73031 93739 82235
87089 79691 97657 81235 99775 88352 64568 85467 67348 77332 80326 92552 93200 84240 92484 99990 93518 82530 95843 95879 82338 99799 76246 90864 88944 87809 85865 81478 109245 84730
86812 70302 82533 63524 94592 84530 68086 75868 63036 79010 81234 94206 85794 74473 92496 93326 90252 79674 99136 89825 86358 94519 66780 87311 83062 96268 82107 80573 103256 79534
79433 72849 80229 62206 82451 69210 71746 75621 65078 67323 64264 88849 87593 67997 71730 79478 86437 74700 81904 77815 68821 86362 72475 74814 69084 78366 76330 61885 89323 76274
84681 75484 87655 75344 94787 86552 59393 81200 63169 77937 77270 75771 88497 88544 79219 88850 78654 79204 90688 78009 83935 96987 76665 78796 75314 90524 78873 72132 98188 83403
76417 66040 80308 66408 89135 74757 63846 68525 58986 66132 72491 78774 78623 70129 76395 77568 72829 67491 81352 66296 76657 88214 69435 65782 70664 80567 67998 63895 93569 81618
68851 56411 78887 64205 78741 61803 51890 65356 53979 62786 65420 69379 76989 62539 71031 81370 68467 63189 73778 71429 62158 79890 63683 68795 70819 66621 68826 55696 82080 70031
80442 76696 93557 71684 89403 88267 69253 71325 68126 74168 78684 91405 94392 81968 87415 90689 75750 78757 92992 77825 78127 93888 78859 79053 73981 87367 82528 68716 97852 89636
71013 59545 69490 68761 82076 74253 50975 66023 58051 69784 74884 73938 76119 75101 71109 82524 71135 66573 82881 67222 73972 80711 60697 73210 64580 75248 72580 66557 83029 70479
76163 67031 70531 59872 80559 66992 58376 68002 57507 58712 63101 76217 81687 57477 70028 81672 70005 62710 80292 69180 60094 74409 55750 70380 64681 73001 67571 70828 82796 70679
79068 73535 78800 67712 91422 82685 70311 64997 66603 72372 82020 97596 88388 70583 88914 85612 84778 70153 89125 77044 75501 94634 74360 78318 81012 84525 80722 78498 94287 78664
77472 74519 77870 66259 81977 84192 57467 67068 61891 73614 73965 70710 86403 73894 72724 76286 66373 76966 81108 69486 68078 83476 53393 69826 70705 82327 73653 68491 80140 77272
75662 61590 66771 61357 73460 74767 60072 75057 53990 67599 67023 71670 73221 64781 72227 74980 63822 69974 78483 73317 62987 80180 55696 65788 72041 84377 69158 59888 80476 74708
74661 63094 76063 55624 81113 72999 59552 61760 56046 66689 70142 74276 75524 56000 78055 79760 76161 67803 77653 70115 76125 82825 56062 76035 68900 80571 65822 64254 87623 71738
74162 71278 85476 78609 87154 72357 54052 73071 70666 72663 72197 77409 90755 74477 69189 95708 89786 69263 86351 75120 76942 88770 68854 79480 73942 72633 75144 71201 97936 71353
71642 55684 75563 52538 81793 70289 51668 62472 53957 58814 59757 69161 72776 70148 78546 75793 68416 61705 76001 64229 71409 79543 61947 67612 59970 71033 67543 59380 78319 62770
--------------------------------
81173 65334 83890 83319 79964 69759 84661 91261 76351 69969 76589 95508 71556 93065 83711 68504 86412 70815 93698 81693 92958 66934 76557 83403 87762 69620 71831 93762 83207 77134
80956 56166 72911 66957 78589 65216 77632 81356 51933 59238 68335 81165 59400 81215 64136 57538 77735 73438 77476 63145 61680 54408 45463 77060 78698 70725 71706 69803 63258 55941
64794 45009 69459 61341 64314 56476 74858 71578 56847 54562 66418 74419 61292 81782 69918 53422 64284 66998 71398 61709 68697 48940 55184 58881 61442 61301 68117 65783 69974 51530
77837 55058 77759 86420 72785 67922 76747 94773 69288 69936 78952 91456 75691 87162 73399 62739 79532 70580 83387 78931 85685 72443 70743 73696 80125 64716 73306 77317 78567 61819
63444 56618 73473 68543 69789 60608 69665 79394 58999 53467 60577 72871 58850 75711 72320 55870 68571 65326 79404 63522 69007 54712 59304 74733 69277 53010 58722 73881 64822 56741
70101 50662 76577 69160 80259 73110 79098 68307 70137 66167 66587 70416 61625 88160 65759 64291 78522 68269 65033 69452 73070 53171 57363 64723 72375 60842 71434 69598 73800 55954
69319 50979 78917 61336 78195 62558 73878 63775 54047 55372 66518 71336 56302 79400 68477 57851 76477 59955 62970 64447 61595 51995 63607 71272 76133 54700 66820 69582 63637 56417
78078 57996 84036 80711 83456 69206 90007 90433 70437 69947 82354 90490 82001 92597 76062 69982 77811 79267 86439 80285 76576 63881 67484 73924 77279 70695 84687 80372 76687 58366
80040 60889 76122 72832 75466 76379 85948 85586 65925 70948 73590 79568 71313 87763 77055 58525 83374 77928 78136 72068 81879 64168 64986 77126 81078 62544 73426 87969 73198 58809
64931 53437 62401 55416 62921 53419 71831 68555 54767 51325 57620 69951 48671 64892 55439 52132 60559 61093 67057 61516 57721 49841 48952 66112 72812 48884 61340 68738 49416 55875
76165 62833 81691 78342 77139 78657 93008 81863 61589 62169 76795 81915 62466 89589 71140 67310 84096 62616 76291 79581 89680 56914 57584 85312 85466 62903 73773 81225 79189 59914
61205 49494 71389 67372 68062 53738 72094 72984 61169 60862 70428 73539 64891 80078 59848 60014 69595 63909 64119 63210 65034 57018 54267 66860 70394 49879 70059 68596 62123 48604
70664 56002 65398 70819 74145 71496 78068 76052 60665 76536 70010 72899 54604 82358 57578 52754 79248 74012 63876 66172 67360 63093 50448 78982 84136 48987 75661 80843 64729 43839
81766 68102 73262 86862 83096 69010 88905 94325 76675 79768 79635 97097 68708 98037 66346 75128 86991 83630 81313 73653 83111 68906 56056 82917 92387 64445 83278 85807 76349 57511
94497 74167 90982 91759 87974 83019 93791 107346 75506 78310 97151 108614 89255 101636 87546 76520 97930 86500 94482 87769 101996 77497 76308 92113 90254 74809 85765 94425 89368 67958
83624 72465 86781 68684 75543 66675 91662 88706 70847 65070 64442 96928 67594 90356 77839 79667 88291 73899 88480 75716 83893 54699 64982 78367 89560 74313 72047 84361 71638 61192
81553 53851 79440 77477 84763 75038 85403 82331 69258 72575 85401 95553 72038 91039 77581 60879 82262 76207 74779 76479 86044 66300 64643 77770 87243 63828 79053 80699 79099 72813
82004 60724 83330 73076 78129 70606 88080 92830 70218 72836 80919 91957 71216 88268 70855 61923 88271 71872 83342 70858 87231 67768 61534 76578 90330 67723 83202 87906 77376 57891
87572 64494 89923 74136 81967 80809 84552 94821 69258 70752 87990 100481 79699 87844 83690 71990 90824 80734 90730 81884 89097 73563 75818 80376 85982 73900 81064 81674 83613 62571
56535 44017 58518 57229 51813 37722 59527 64237 54143 39738 48123 66464 44197 61637 53603 47864 53971 54208 64430 50365 56745 39647 44403 54749 56002 42606 51340 60314 47635 51482
81838 62310 87070 72310 74881 70170 89494 94314 73615 67658 76533 92410 66860 90010 74902 68711 80176 78154 88350 85010 86868 68260 69572 83122 91410 67921 83906 81067 85790 60424
68232 49607 77788 63852 69249 63011 76501 74551 65147 52864 67461 64847 60543 82836 64118 59867 67923 62945 74858 64672 72354 54180 56947 63002 63076 54934 67373 68970 67434 57437
78771 73730 90052 83168 88826 87641 89494 85279 71546 70554 76915 94824 70333 93761 86624 74731 92472 77534 85360 87673 85342 59169 65349 93966 92842 72215 68913 87621 81680 67142
66429 51094 62376 65166 69298 55348 71158 70761 63928 59304 58012 70592 56507 77752 62223 49335 65962 63935 69329 59014 71795 49047 48441 66855 63967 48265 65166 73034 63579 56507
76482 60672 75499 64126 77685 69355 77432 81991 53700 63408 76573 81367 64741 82679 68921 56796 82225 72229 67822 67318 72998 58880 55716 84317 84130 59612 69190 79494 68573 59611
84308 67450 100708 75635 88869 75277 89408 87315 78666 69898 68860 83418 69513 102268 80908 78661 95628 79833 88589 81344 80079 61795 77283 89457 91742 71698 75246 89607 81599 66453
84659 65781 83343 88041 80512 72630 91224 91968 82885 80584 85294 97166 76416 98920 79493 72347 92286 74014 87183 86215 99353 72751 72743 82600 88199 67505 87061 92489 88375 70265
83671 67946 73132 86832 78729 65340 90747 83470 62378 65940 78398 94811 73669 92059 80330 71940 78145 75894 93966 72343 81641 60656 60060 83456 77753 73565 75467 80373 74737 66158
84269 69091 85608 82458 91162 87772 87051 93869 72640 75485 93128 109805 80399 92506 91215 69963 91544 82279 83820 82704 92315 74025 69988 86173 95743 74069 80278 87770 83763 71026
77347 65704 78983 77749 75485 69439 86271 78753 61276 59472 71681 85142 64783 82822 75559 67749 74403 71794 76799 68560 72988 51939 57112 81511 80266 67359 68356 77230 68741 59757
--------------------------------
54716 59368 65205 76114 54285 54335 56467 61696 70078 55531 49452 50221 68478 43017 65396 57364 69449 65826 56301 63688 66274 74764 54790 52771 64474 54002 66277 60267 56655 72763
79856 85422 71176 88807 73707 69595 77209 80155 79898 78982 73979 75871 80929 62852 72624 68086 88239 79857 85526 82828 89718 93030 79465 67244 77338 72433 77242 76310 60021 96457
78854 83608 69251 75503 67679 64909 68062 69292 81732 74435 66556 58903 58502 60303 65914 57411 78470 72794 70800 73233 76331 80651 78147 61311 69518 71026 69722 70334 54810 85521
63786 60132 61562 72128 57236 58716 54287 74562 71768 62486 59874 55692 68027 56641 61483 60021 70292 72194 64319 59119 71087 79454 62996 58431 64622 65968 69696 63069 50764 79668
82378 84398 77262 83886 78169 71963 64226 81508 80160 80558 72258 75180 76198 60208 64876 66762 81502 79305 85344 78933 80025 94327 77211 72957 83421 72240 79461 74740 62226 88224
79848 73605 83156 81032 68098 77880 65314 74741 81945 76867 70913 59813 75705 58975 61800 74624 88898 74676 77893 61401 73338 87884 75607 70114 81231 68844 62936 82104 56877 79500
73407 77469 77082 81346 57590 64638 61810 69995 79199 77065 64495 60803 58343 52202 61506 62222 83735 66237 70930 62966 73908 79243 72601 62094 79688 70168 60973 76454 55698 86261
81338 89444 70012 85918 84895 70759 79986 79902 82624 74163 70031 69275 81266 71402 73887 73623 82027 84197 77731 81162 85490 93083 75236 69085 81534 67769 83370 74778 57485 94204
71491 78314 78121 78819 69085 61461 83729 81080 80464 73957 69976 70210 69405 63090 74790 59076 88418 77276 84420 79182 80460 86407 77597 65213 77641 64532 83184 70774 55106 97076
77408 82399 76112 86065 61879 69233 68539 72878 78903 82536 68246 71400 75724 59189 65845 70034 86075 70222 78938 67596 77229 89796 69499 75552 78546 68623 70916 70951 51470 80330
75093 83061 71040 81675 71488 67601 74062 83967 82939 78162 73159 71072 70424 63173 71774 63658 89993 82641 77641 69329 80675 94430 87159 70816 72453 69512 83154 72852 55264 93530
71506 69926 68291 76592 62580 64364 75974 72678 72934 72593 68670 61621 70258 62440 61322 54821 81959 68432 76927 61802 76852 87083 83886 62006 69280 71887 71513 68203 53905 86808
72465 73384 60461 81527 63301 62571 68735 66118 73744 77051 62065 63933 71252 56843 65525 63620 78823 67261 71763 72864 75721 87507 68928 73577 68912 61423 74793 67948 49210 87148
70471 64204 63791 78002 54099 60359 64254 61899 73652 61864 54286 63648 64087 46574 58329 61984 75863 60119 74887 64534 67503 74195 72192 56918 70728 64999 61619 62332 59837 81562
54936 56591 48784 59767 49910 54661 58827 51458 58975 55753 45915 49101 57713 40858 49745 44181 69431 65847 59527 53895 58275 63802 57125 50536 61429 49641 59891 55218 45685 68703
79472 86079 81762 92080 72327 72409 76796 85204 94601 78774 71604 80569 80696 66775 76598 85454 93923 79249 84025 79257 89123 97783 88119 66790 83575 75925 82047 74275 61863 94667
87248 97694 72948 100085 84019 75197 78315 78079 90446 79183 76684 74083 92698 62406 87580 78827 88643 84998 76116 81625 93229 107769 84172 73081 78266 79656 89002 82109 69268 95306
85602 80296 75979 89073 69352 77493 71674 74366 85639 74503 71121 72737 79238 65104 71793 83273 92986 81575 84768 74950 90224 89595 87537 67032 85070 81745 76319 78323 65700 95658
55377 55051 58473 69199 46771 49483 60088 56589 61034 51264 51728 57332 63023 40337 56162 56206 71298 59663 62212 55461 56293 71740 63925 57015 60780 55796 67486 58262 49088 70953
68475 75704 75505 81972 63969 69040 79566 73529 78570 76632 67090 50712 70669 56754 61291 57308 83628 70329 78788 63430 75232 87151 75494 59515 74880 68408 62658 80620 55266 85115
82717 76595 78642 89868 68633 71628 71600 78289 90205 79857 67628 67915 72570 57582 72802 68232 86615 73395 82491 75914 74742 98794 84779 72554 75375 74169 82194 69907 63252 92885
74921 72832 59645 68460 64789 55833 67042 78535 68952 80580 75130 65682 63786 62831 64247 58569 75455 69434 77696 65558 77133 82563 65351 64893 73651 61057 74500 69841 43954 84174
80344 77209 69514 70105 66048 61580 68558 73651 75250 70699 65224 71523 70916 52834 60674 62073 76599 78082 75819 72856 74320 90022 74258 68268 64909 70646 73666 73824 56865 93392
75108 76861 66810 76744 67318 56604 74883 78660 75728 71962 66437 73668 64726 57078 63305 68234 80861 70333 81351 76556 68895 85341 74646 73546 75055 67729 76572 76149 48632 93039
77886 82214 61529 83350 67459 60384 71224 73832 81257 71746 71336 69319 75510 63102 75938 67814 81371 73637 71594 68801 85254 90627 75700 61921 76048 72118 77467 74863 55501 93130
70108 64809 63029 74345 63392 56881 77241 69179 69231 60831 64548 64751 73930 59143 69375 61962 76482 73098 65515 72244 77451 88532 77075 63382 65315 73812 75458 72718 55358 93350
65956 79472 68560 67953 66177 60035 63134 71909 72448 70893 66704 58846 63621 55239 59705 59931 80782 79741 68842 59759 74568 75160 65711 58640 71119 59426 72875 71526 49153 79847
77595 91825 60532 89500 69371 62422 80822 73925 76905 84469 72417 76151 78094 58614 78504 67164 86222 75133 78179 81474 96015 92465 65351 65325 84652 68620 75816 78404 59584 100415
74451 79524 65175 96481 65267 68257 79508 79945 90108 77904 64309 66551 79219 61815 80702 68731 87500 72600 79983 79845 89079 95856 81803 65033 73176 72855 77608 70838 62777 95406
60794 77086 53270 71813 53624 47199 63899 65630 66886 63349 60165 60656 61499 54807 68933 49622 68645 64156 57801 65582 76639 73082 53384 51116 61680 57468 63065 61899 39420 78265
--------------------------------
57360 54393 62604 70960 76941 63905 67246 57519 48295 73446 67892 74725 60845 63051 70948 55919 63259 54263 82701 72414 67205 76684 69816 57875 56692 83616 65078 66816 54315 48446
44465 47020 49686 52727 52101 44041 52199 51565 41742 56593 52721 59824 43820 56933 56623 48125 52510 47114 58120 52125 55948 55851 50843 57673 53001 57974 49991 46995 41282 50297
76547 75696 81510 93841 95738 74168 84619 84044 72615 92684 87322 83812 79779 92130 84004 72935 88767 85590 101102 92314 82060 86889 91312 90622 81691 97810 80891 84335 64139 56545
64211 59591 67167 79192 75788 68755 68624 71284 52416 70669 82926 68107 65549 68222 80486 66436 68428 68035 91599 80199 66665 73999 71485 73309 71533 80984 74919 72639 59179 51947
65280 71118 70377 85717 87321 73564 73386 77237 60594 77517 88119 81355 73532 72372 84073 66756 83595 74371 92565 89080 79616 82478 84957 80918 70206 86630 78728 78523 55871 52701
63204 65688 58241 81365 72320 64293 73757 72355 59727 67627 78607 71685 62161 73891 81815 70487 77160 63731 86306 78470 67579 76931 71578 79360 59009 78837 64705 69486 54692 64003
77732 71724 72356 87354 94111 75394 81523 79340 73069 88175 85941 86494 74715 89077 79869 76001 80144 77601 103746 83805 86120 82356 88887 81998 78303 96498 81384 85045 58150 61836
63191 60352 66505 71837 81274 65803 68753 69511 63970 73811 71093 73972 67955 84593 71087 63351 65921 65261 86070 65854 69588 72412 81329 82161 69608 77631 69111 66052 54441 57307
60511 57182 68102 66906 64803 56940 64856 61768 52957 71513 67722 71885 62550 67865 64553 54440 66519 62780 75508 74083 61646 74163 61354 66337 51999 69667 66039 61094 50371 43663
62043 64705 66331 74350 70917 64075 67844 68466 59368 67619 83224 65593 64240 68924 78846 66048 75209 63781 90065 80358 72858 79564 71744 76015 63109 77401 67619 70069 53296 58981
63053 65873 68459 74204 69590 52508 66483 73294 57713 70045 72153 68044 60190 76747 78251 55042 69936 65676 91308 74590 63791 71453 70860 79256 71801 82309 68487 69909 50209 56346
66132 62359 67170 74960 81639 68130 73449 65741 61438 82739 70116 71300 59704 80591 72033 56965 66207 67260 96458 69768 71150 75561 81603 74493 59410 82475 69674 68693 58299 52788
63357 62996 72343 74980 74332 63924 70793 72345 61807 70009 73018 62320 64999 77135 67954 60377 72470 67449 78926 79209 64769 65431 66959 75981 70245 82077 61691 63287 48677 51800
65847 68262 63181 84541 83350 64375 72991 70680 58080 77000 81690 70579 72190 74487 79127 68052 73683 65032 90264 74084 74028 80176 66771 74877 70508 77861 70755 68079 61381 60145
71690 63660 67132 85125 88458 69841 82759 68277 60179 87825 83988 84441 75469 73025 84898 68064 77531 69138 99037 81592 82812 85314 82127 70921 72417 91817 81410 86773 55582 60768
86191 79010 82392 105654 98998 82762 96414 93307 81095 98622 92257 89526 83672 101674 83661 81458 93239 91727 106042 90983 86907 85318 88431 96001 85879 101689 86066 82600 65800 67137
70508 68454 72924 89072 85769 67711 75418 75087 63685 83729 79578 70804 67975 74121 80932 67904 84644 70608 86607 83280 78437 81401 77960 89457 67875 90369 70550 68112 55933 64743
70783 64064 75503 83344 78618 62987 72050 72461 58452 80503 80981 74476 69750 75586 84471 65786 82347 74173 87813 85891 75223 79839 76759 88835 73237 83749 73522 79319 61142 62267
59215 50393 59697 77173 76737 56305 75510 69238 55206 70239 64229 71247 69266 74353 66820 63279 72190 60543 77432 66017 57503 66980 67388 67455 74037 80556 64145 65994 47076 54408
63706 52677 65953 78538 80012 64777 75714 64154 59757 73839 72545 62755 62489 74373 66343 60112 71595 62413 77259 64488 63624 63899 74594 73248 57824 81618 56040 58968 43862 52171
58541 52241 69565 68122 63590 56035 71108 69631 54759 62073 73512 68225 56912 73537 65955 65297 67375 62272 79017 68494 58531 62105 65866 68014 65388 79117 64479 63371 40422 57499
74349 63953 74312 70626 80847 69411 76835 61587 63333 80813 79419 80870 73229 81183 77608 62986 71518 65890 95199 76749 76504 82957 75135 79057 57942 80097 76081 76240 54005 58398
78562 65767 65642 82591 77885 62114 70815 70754 68791 81470 77566 64560 64279 78375 79130 67509 81091 77711 95061 83273 73819 80736 81402 88896 68080 84646 67480 77034 57989 51816
73808 65991 78277 92162 98862 76477 83431 72907 66003 97058 83295 91292 72348 88827 84450 69412 74638 67946 105776 75894 84737 89586 86587 80361 72378 98136 77196 74090 67339 67508
62854 60822 68517 73960 71753 56726 75253 72810 59913 74199 72271 73370 68612 78365 75581 61160 74537 63860 81607 75497 60295 77705 68918 73549 71860 81161 70201 69661 55196 59687
73361 71551 72145 81352 79181 58637 80503 76441 67213 86962 79923 81394 73832 83848 83453 69034 80824 71370 103614 81576 79225 88274 76470 78491 83184 97371 83408 76650 55318 66020
63963 65412 66376 71494 73490 59642 70853 72108 58022 74750 70852 68929 66134 68034 71587 65034 74151 64850 85068 80954 70169 73627 71021 70561 61861 79496 66935 69707 49437 56382
66541 59391 78509 84391 89405 69831 78607 73980 65265 82631 84868 80895 72339 78822 80515 67147 76263 69054 96608 86296 74380 84705 83182 74718 79672 87538 69399 81817 55659 57795
80173 85871 82940 99295 100852 80231 87884 92670 81174 97833 104786 97635 78107 97170 98871 88869 90765 84911 115243 101269 93272 106692 93997 99131 84344 102104 84287 89652 71883 83117
56864 59824 62288 77774 84524 61350 65415 71563 57690 71126 73573 75082 63490 79159 64949 63106 72243 66517 85106 68278 78183 69727 81236 72902 72011 77295 72168 68780 47323 59085
--------------------------------
82859 84772 88814 72216 83680 77626 84934 108629 99634 80418 73789 87595 85571 84860 62462 86650 99449 68532 75108 93263 87131 94722 72638 78920 92296 77935 78450 93681 70625 67030
56995 67857 71698 55679 63487 50122 47811 74293 75890 69324 56225 63694 58813 65344 50295 68240 70458 50662 55643 63497 66458 72051 63012 61485 64080 55600 64533 66113 51651 56866
76822 74467 81067 67567 79547 62144 58814 95021 85761 58241 66690 80201 74696 67126 61443 83498 78395 56529 64665 76746 70864 83969 66983 63171 77734 64923 59785 80041 61823 53630
76624 75982 79818 70318 74122 69728 77929 89308 88410 86576 61843 69070 77751 78471 66619 79980 95003 60793 63511 79688 70175 84381 81040 89334 77346 71514 71826 81279 65679 66487
73503 64122 82865 73819 77668 62174 62500 101711 85805 70986 67410 81064 80014 72574 76549 86254 77743 60169 64740 81405 82207 92518 82000 76174 79749 83850 69655 81671 68235 63912
84745 72938 94875 68410 78767 67452 72862 103197 84317 66443 64226 81543 87109 74680 66406 79219 78923 70911 68956 83126 79022 83329 71426 79691 82446 75460 70503 78181 74498 57107
69485 85541 78612 64536 77728 61877 58048 99775 85927 62177 72719 83204 73087 67769 60507 89114 81927 56820 73349 78885 82487 83161 73925 65887 81677 71168 73243 89882 64123 59784
69351 75031 75770 70993 76961 63190 66684 95321 84253 64096 66553 73835 78817 69734 65307 81208 73280 64815 57213 73709 75480 80474 61535 71471 77051 68774 52890 80836 56179 56805
59370 63549 78789 63555 81285 61075 58035 88908 79494 64951 62171 68263 72527 70100 59945 76945 72587 57536 61634 68549 70878 79276 63110 64814 70888 63954 53416 71989 53595 54121
79361 80578 85637 70999 77339 67200 72964 105837 90575 83635 67736 74103 78083 76431 67181 87277 90975 62320 67133 88412 72478 91783 82895 76840 82593 73430 73898 80061 65955 69525
78823 77033 87993 79463 81321 73177 71395 99729 85566 73728 71118 77791 86272 78531 69679 91861 80507 60742 63937 81924 79000 85412 73001 75720 83279 76442 63575 81640 62161 57749
61901 79579 74657 72434 76590 65591 61016 88391 81480 80798 71918 71740 75784 68468 73406 87596 79703 53285 75278 77859 77426 89122 82718 76919 83974 77937 68033 84434 58939 64126
79564 77085 77390 68388 71476 69137 60427 85505 73284 65133 61375 73113 67636 55615 67270 74715 74538 50074 63414 74568 74279 75120 68783 69779 82849 63685 64598 75083 66295 51632
64284 58269 66819 52383 61426 53541 46159 76400 67717 50833 60668 62032 59265 55306 59216 67445 56517 46834 49109 64567 60940 73835 59268 52083 58918 61417 51679 59437 49550 47124
63947 71703 71769 63189 78977 57987 58364 85648 80781 63986 68908 68937 68864 59140 53302 79523 79754 51502 61552 79109 74418 74846 58767 62979 82049 60876 60857 77627 53915 66556
74166 63699 71924 63413 67919 64489 71787 91435 82972 71133 63257 80361 72066 70128 62112 77409 84388 56491 63053 77856 69588 77883 70724 70304 73076 73634 70036 82554 59635 64394
87101 87654 95318 76335 92674 74928 75423 110273 92220 71715 80160 85282 85877 73456 71935 89440 90715 62996 69048 90385 92318 90334 77439 85171 92150 78289 75041 93740 77073 67319
70706 65104 70645 68837 72690 66506 71119 94316 81363 63211 59512 73138 78819 69677 59766 82356 76094 58940 69908 75977 71556 77759 73161 72324 84607 71064 61797 76312 63132 56818
82044 77670 95631 75219 88016 74892 67082 106177 102242 67835 87465 94855 85973 82154 68426 91486 89732 68556 73036 83791 94600 95233 76343 74605 80243 80067 79994 90947 72933 70952
79265 76132 86526 81663 82410 70888 71868 100893 93426 79867 67531 81616 84165 82252 70093 89774 88750 65079 68266 81006 80749 93727 78459 88340 89970 70551 71102 89430 72574 65403
97669 88428 110538 85450 97330 80914 83577 120390 103933 93161 91650 93911 98554 91818 82329 98698 99034 78513 79134 105870 101638 107730 94637 91373 98733 93680 93294 92808 84397 83855
74855 81994 74670 68311 73045 66332 61201 88709 85060 70627 70920 75359 76126 64991 66494 89678 78708 50537 73475 77058 79007 85044 74202 76158 79644 75510 75272 77700 65876 64475
79329 71288 89610 65360 82899 61528 62595 99087 93738 70314 69223 82174 84161 77156 61108 87788 81799 65693 65105 79768 83392 81386 80387 74159 80800 75694 78047 85410 74138 69177
84007 76807 79469 69326 74689 72297 71048 101550 92076 71993 64477 85611 73636 72297 69996 88203 85376 57730 74383 79872 70304 90078 71419 81258 84138 75125 78258 84284 69761 62584
69545 66420 65327 60745 65785 56656 54733 79428 81190 54285 59217 71567 69972 60404 51921 76465 61307 45943 57262 62030 69427 70953 59121 56973 71289 67378 64318 73850 59383 50324
62248 69873 68768 60606 71723 60860 63249 90620 84341 57810 56817 75500 63838 63091 53733 72100 73988 52634 61367 59535 65488 68119 64407 66144 69814 62765 62526 81682 60497 58621
84884 70743 91650 67202 86853 67928 73400 85407 80558 68103 74432 77160 82601 65245 63699 69583 80897 55793 59632 81690 77386 80807 66526 79148 78444 73559 67493 81413 67515 62479
62843 65882 75325 66202 70847 59042 59464 95521 80651 69669 66613 71042 69861 67469 63193 82364 77314 58798 62842 76379 80463 84876 71141 75711 73117 69578 71911 74510 68002 61909
68291 62559 77944 57988 68244 60244 56803 80595 73315 55971 62796 64776 62059 62569 59363 68490 66073 56029 56834 72785 73851 80955 63075 70230 68378 61321 62493 65809 63696 59828
86143 90201 99734 87103 102012 80439 79713 110603 97736 81596 88968 85655 94081 77604 79454 95231 91311 72538 77712 93082 92449 97902 82705 88643 98619 82943 74917 92307 76573 78532
--------------------------------
61850 77592 59604 63814 62116 71135 63940 57430 70111 72817 63819 50571 67098 65548 61435 67783 57756 68886 58485 67291 61170 74383 75106 51682 75643 64025 65284 72443 65447 68995
74552 86008 76220 78075 77307 84333 76780 71913 85341 83939 73985 71822 81399 80758 66179 76972 73410 84560 67513 81825 67585 91909 83734 67005 89155 66160 79402 86559 85243 74733
68210 75113 59109 59136 62766 75564 69428 59058 66589 74457 58360 55801 63983 69375 63276 58742 59839 60478 61306 73188 64076 75690 70166 59424 69626 68990 70666 67548 71778 65347
69823 88056 68485 69915 80753 86300 84445 69914 74082 89651 65991 59624 73711 73904 72329 67943 58251 69200 65103 86573 75484 86482 78965 63387 81773 72901 89549 88900 74898 77963
68497 71424 50539 41614 67881 58248 64866 60316 56672 66530 70775 46546 59576 57309 63618 61386 56503 58975 52248 60408 55676 72087 75157 50339 75686 56296 61295 69123 58041 62576
79880 85604 84092 81462 76463 84202 71901 66807 78760 98547 72111 67616 73372 76883 66180 75751 74067 77509 62811 77509 69247 90690 93435 60835 91674 74391 81533 88285 81632 79508
94369 97156 78772 73506 88079 88858 80510 77028 90282 98865 83831 70268 84519 84175 81110 87766 82092 81961 70915 91597 83464 95739 103039 75429 98777 87105 88388 95657 86666 92837
71470 82625 69113 69672 69416 75586 68213 57452 74537 83926 70989 60943 67419 72026 61227 78847 59383 73435 57287 67647 63830 78530 80975 50912 91454 59539 68260 83339 70517 68792
75447 75678 63031 61250 73534 83807 64318 58618 74222 74014 64772 52363 70852 64888 70618 78737 56867 66524 59323 74020 72970 72201 76045 66524 86642 65973 74477 82594 63465 74844
86729 74972 78128 72382 84471 83127 78257 60033 70860 91736 89144 53604 73961 74745 76885 79916 68672 76875 64574 76015 71210 88239 91148 60457 96241 70681 73496 93383 75899 76525
74639 81775 65045 67487 80428 83167 74239 67830 73656 77384 73035 62789 78143 82171 74997 74428 71241 69104 70230 85160 72079 88760 72351 62499 88826 68329 84550 87139 80319 72626
69441 78341 68055 68143 68632 71252 71943 63719 73182 81906 70737 55907 66616 73152 62173 67594 62738 71102 59201 74822 65448 82753 73711 59822 82627 60735 73345 80573 72866 67899
75007 77818 73056 63877 75435 78811 67507 71946 75639 78691 77128 62740 73552 72419 62242 73639 71802 75091 64576 71915 65300 82651 86602 68771 78162 71774 76930 78251 81633 72154
70798 79156 64328 61503 68289 67307 69783 64487 68441 72555 71148 57134 67721 69072 74237 63697 64286 66317 59597 73208 62269 85050 81819 58332 87075 64287 67190 74131 65985 63936
81698 74750 65982 62978 75658 82813 67777 58767 68372 84323 75752 53996 71867 76470 77741 77807 67071 66810 68633 70627 74881 81943 78489 53727 87938 64482 66151 82563 70533 73445
67934 75290 61902 60070 60173 69628 56233 55329 59254 77790 59996 53497 48491 72189 55272 63855 66421 49904 47724 63201 58944 81302 68015 35908 74720 59711 62352 67480 66343 65518
66580 55243 59900 47470 64339 66595 60387 49414 49284 70418 76011 40766 64568 59522 58227 65333 54168 59195 48266 64770 62160 73330 65895 49365 73250 53846 54213 74817 59508 55500
77090 73110 63136 68617 77957 77761 72609 57971 69370 80101 73531 52833 65775 68696 69823 69542 63452 68569 54090 76229 61029 86230 81524 55390 90914 61664 70896 75499 62266 73155
70277 88000 67994 73522 86903 86535 77808 74047 79320 83721 74072 61901 84448 80204 74137 79526 64156 69563 65243 85535 74431 78715 83496 64704 85426 71584 84351 80945 76579 78510
84973 83175 75083 73441 82826 91871 80060 76006 84283 91635 75880 52904 75630 74139 76539 74045 76451 80625 67945 78426 76334 89165 89716 62359 85032 74701 78460 80587 75361 77665
70019 86073 72604 67224 65199 80609 69492 66648 75566 83572 74525 71354 70585 70971 57687 70733 65590 81290 64891 76575 63670 87221 79574 54364 83675 70775 70393 81092 77804 65272
58444 53850 55342 62460 59990 60978 58876 47795 55570 68923 59798 41633 57233 54420 55061 57153 53315 57519 41732 56923 44606 68922 66278 46745 67127 47777 52277 65032 56735 55502
82178 74340 70745 70442 77937 81407 75073 60854 71804 84019 78035 57687 68124 73636 72356 77310 64993 64281 61605 71875 66088 87992 83176 61469 89671 67647 74499 91937 75743 72061
65851 62221 59777 55892 66668 64932 65023 49378 55818 75024 65870 39399 59335 58219 62915 56546 52863 55843 44594 63460 61733 74378 64238 45119 76042 50982 59326 76112 55211 53037
63652 81436 61503 60761 68393 78911 65120 64298 68237 67675 62701 56772 64902 71212 61678 65155 62847 68913 61734 76616 61184 76641 74769 60381 75642 61299 72487 67465 72400 74068
64328 83093 65351 67304 65679 79328 71043 65793 74917 72307 61360 58014 65528 68146 58323 68930 59579 68855 55610 73285 61740 83722 80152 62316 78323 68033 77817 86925 73619 75084
85403 76636 73357 70518 83970 82022 81807 69112 72948 92740 95642 59744 72878 74366 74801 80482 71819 75001 59240 74804 63432 94565 90957 62427 89073 70502 69764 89661 81596 73364
77332 87173 69497 69592 69185 76438 70833 62322 75207 82219 64713 65333 67790 68901 70112 71895 67955 70866 58499 74109 58305 84082 82907 61411 82803 73431 75362 88616 81816 77803
72330 81777 60511 63262 63715 80983 68144 63365 70884 82416 62235 63066 62085 67809 59803 62697 66940 63898 59667 72496 60246 87348 69984 51756 74360 71585 75661 77429 76099 67436
84406 80414 67443 64188 85722 84396 77434 64529 73069 85395 75247 51669 85741 69045 75620 70999 70210 72102 63425 87007 74591 88520 81520 64795 93019 75994 89327 91253 70850 71397
--------------------------------
69870 64801 73348 59792 79470 66047 68938 82337 76612 83092 58280 64098 81920 66767 53364 72950 52988 62584 84499 75596 54490 68793 71058 71434 61278 71779 64509 71533 79954 78006
74366 74614 91876 68683 77497 76805 81929 86470 88754 84815 67226 77786 90509 69197 60764 77777 55071 75426 89747 73434 64761 81350 85711 82820 61374 89302 71586 76677 80163 80399
70830 74963 68223 60766 65930 75415 75382 72221 71020 81851 57691 72230 81761 57315 58868 65632 54447 70555 69934 78138 60557 78393 76034 77640 46264 85916 74549 74630 63126 66648
89798 89127 87548 80674 98950 96770 92245 95609 92924 95930 71781 87171 91327 87392 75963 85661 67194 82080 97415 93791 67843 91301 84777 92411 74374 100643 80239 86247 94694 92813
67609 81998 65018 70195 80924 83178 73489 70185 81750 78176 60617 66227 76223 71728 62932 68311 51272 66269 83410 75154 60067 79356 73563 71186 69259 83779 64517 70596 77579 83818
61406 56100 57632 52621 61092 58702 55050 67616 68092 60344 46095 51422 67672 58017 44650 54633 42846 58734 66451 54662 49258 62228 54928 61061 41575 73945 53575 56817 61689 58634
69902 83286 75509 67435 87889 82565 79703 84086 71488 82260 62116 77632 86805 66872 75367 72543 56637 72344 81927 79485 56327 74749 80966 77201 62405 82210 65576 76835 77613 82719
76121 75093 81741 64232 77758 83405 82029 77741 90181 86765 61702 79149 93389 67060 63474 73791 53372 77107 89610 76179 73167 88666 88663 90921 59495 92252 76323 78517 79336 76214
68090 62783 64856 53356 66741 67964 71654 65975 67409 71449 49894 57014 69752 64742 52102 59935 44915 54387 60297 67774 52889 62522 62314 63872 50908 67115 53827 59964 65109 49975
67936 77886 84065 69218 87958 82049 81615 82224 83263 86428 66922 77897 83881 86839 63008 86003 52241 76433 90906 71248 68270 82952 81123 88333 69367 87717 66944 70444 87914 78701
81880 78817 86048 76881 93349 89680 85689 83801 91164 92848 76391 79123 94680 83374 73146 80825 61819 75054 91592 84100 71320 82546 86754 88083 74418 90432 71784 77462 91960 83752
65254 79402 74577 67427 77544 81457 76358 82448 68851 73510 58714 72826 86107 64038 68228 67139 58682 72719 89763 70664 55158 73813 83779 70103 58255 87214 63860 73595 75359 73186
81312 68242 84921 73876 93420 74020 72234 82983 92345 78945 63071 63969 76230 80628 55770 72069 63779 82469 84816 79624 68955 86802 73729 79804 67761 89890 64458 73114 86207 81212
76685 84968 87935 74091 89941 92749 82648 83955 91546 82528 67174 75216 92098 81697 66433 77330 61336 81415 98933 75744 64843 89155 90708 86613 73672 99920 71273 77836 81359 80575
77958 68405 74303 59088 71436 78015 78394 75458 78785 88440 63135 74912 88504 66635 57732 68816 53391 71691 70953 71658 57645 80723 73459 82458 58315 81308 73826 64765 72075 63722
90482 82535 78852 79333 83351 80391 83467 84095 95349 88854 65304 76283 85815 70854 63231 79066 59673 81181 80150 86825 70501 90148 80125 86848 59575 106794 74524 80501 72916 80203
64542 75183 76767 64513 75924 77670 74342 70089 67681 70031 67057 75778 68920 59762 68240 61900 42444 61461 67540 71388 55675 66192 76786 74539 54425 77190 63141 67730 69885 69843
49982 57613 57330 53557 62820 59548 56079 58284 56983 54092 43634 55049 65748 48247 46006 51107 43031 55273 61106 57511 53156 49087 58573 56965 41518 65125 43872 56064 59315 60520
91488 84839 87991 80289 99250 84398 90386 94119 95479 84097 64098 74465 99641 77495 69837 83308 69135 90853 98491 85714 75347 95517 93844 81812 65869 106107 75178 84250 85877 83633
52498 59641 58160 51626 57903 63589 62228 48952 55376 56623 45365 54913 56881 52678 48939 51593 37147 44259 55768 58293 47693 55007 57495 57809 42335 68622 46084 53265 53606 51937
84835 79187 72719 64842 81555 86185 85965 84336 73892 93744 65023 82461 92082 68487 66734 71325 63869 76469 82824 92005 68602 85456 80234 86730 57033 88793 77737 78537 76652 79212
77204 71935 76498 67127 88813 71163 79868 72898 79091 78381 58231 70379 84825 66834 65234 74356 56634 79880 75175 80664 67883 85882 80322 85364 56830 82729 73793 70407 71780 79815
59039 70414 63595 53834 71220 69151 67145 60201 70374 80668 52609 60283 78148 60741 50698 64919 47812 68869 69221 65473 57466 75691 64863 74423 59307 76175 66546 62098 58699 69237
73002 74892 70834 68516 81136 76139 72372 80182 79696 76990 58568 68570 72802 68174 61764 67723 56037 75671 78616 83042 71600 79284 74995 81019 46163 96790 68494 83660 68539 78234
59704 64470 72704 58557 73564 72990 69673 66342 67795 75055 62005 59988 72418 67633 54125 63959 54230 74670 77013 62330 57134 70436 69064 71703 56960 75901 61730 57766 65336 62919
75592 64465 72081 59438 80387 70939 76800 74554 66578 72798 48529 68508 80309 62047 58835 69158 58956 70359 72707 72610 48650 75372 69549 72299 62298 77189 58946 63306 64609 65954
75851 73680 66752 64170 85820 78538 78574 77906 69913 81951 52526 73112 89563 63970 65739 72466 61002 78482 80762 79869 63655 80655 71844 84102 52316 81519 73128 72420 78995 76102
72968 76150 80304 63716 78374 77364 80645 74217 78322 78373 61042 67691 83062 64360 59790 68105 52871 75365 79206 73829 58457 83722 79228 80857 59108 91180 72980 70630 61685 71527
65922 64722 74116 61720 77226 67736 71849 66818 72007 75446 52036 72692 81689 58477 59454 70157 51460 69060 74356 68543 53088 74858 74131 77277 59177 80166 66946 63925 67461 71992
82727 72354 77389 76397 79780 75961 76707 75339 89527 80296 60250 75850 93482 66274 59942 69607 63883 76725 82779 74349 69428 82618 75890 81850 61967 90696 76339 69809 79981 79698
--------------------------------
90635 68907 74006 77113 66751 66364 72519 87455 70498 89453 89338 76738 76526 90965 69674 86810 86501 75832 90029 65297 79261 85947 89485 65134 84160 70136 66910 68506 76495 74268
92168 76919 75975 93356 88004 84978 74710 114072 87104 97987 106938 91530 86874 93794 82605 99157 96404 83045 103040 92079 91618 99291 105483 73362 100910 98373 86655 95479 90491 71662
62717 57750 51784 65527 71004 55720 54470 79903 58188 67335 67149 62287 62616 66964 59831 76062 64288 56769 72752 63861 68435 74297 70957 59072 69245 69521 54694 62436 71550 51939
86507 63390 70254 77721 69029 69539 61710 87801 72450 75585 79637 67931 64834 86044 61581 84050 79839 74535 87007 70540 86584 92757 88250 58670 88200 79761 64617 71439 75060 64566
65308 54804 60146 67115 68654 69838 50092 81990 61334 69235 67488 62579 61478 67764 58246 71710 69459 62094 81661 64438 70043 69100 74556 50518 78602 72237 63824 70399 65449 57466
74936 56081 63032 70251 72137 67968 58793 78528 74973 71929 75214 68858 61651 76449 59955 71786 75225 62140 69953 61826 68085 72497 82029 51822 72825 69774 58888 70795 61800 67768
94416 72301 78079 90891 90011 87182 76349 105112 89868 96662 99291 84917 75455 93579 70098 95619 94656 83213 89021 75038 88429 100292 103920 67004 92209 92624 78155 83317 88616 70571
79598 43599 61783 73764 84827 65865 54583 95493 73827 80572 80523 69231 73864 69742 65695 77164 77654 70094 80678 58770 74861 69599 87440 57892 86775 79619 64850 67983 68371 68255
86825 68979 78183 85256 78842 69373 69503 93969 67621 88179 92536 78710 74853 82109 74398 86836 76913 73170 85825 72008 81178 86161 101758 63747 97465 78167 68995 71595 90570 73936
88746 73689 70974 87462 76653 65650 70308 95833 79028 82235 86269 81697 84798 86819 73148 89037 96227 74840 102033 81091 83738 97392 88478 73232 92071 80353 73346 89907 77840 76610
82075 70612 78136 84964 67692 65598 70260 91630 71057 84569 83165 74726 64410 79602 61378 80539 77571 75846 71980 75818 75987 85783 91424 62816 77179 69725 59916 75768 74124 66914
72293 69451 70399 71560 72679 70372 68262 98138 68521 80348 87858 72900 68772 81122 67387 87155 80869 66715 92355 79382 78196 81406 93277 60155 83777 79793 76445 83456 83665 68766
77685 54330 64080 65737 60636 66126 56019 75611 67614 71778 79267 62748 61986 74491 62693 72892 68599 60367 75485 60991 59412 76483 77994 56591 79537 70574 61433 62286 70789 52908
75778 64065 65214 78798 66604 63866 65397 86497 65079 69293 72913 68424 69572 76788 58908 78363 69226 70970 81523 69534 82328 83914 87368 70691 76102 68331 50835 67060 69998 65661
64978 60322 63902 71444 67789 62878 55712 84821 69855 73580 76256 70432 58699 68448 60242 71399 65391 61351 67293 64467 70015 69559 82370 51374 75885 72750 65152 71397 73628 58280
77716 73392 63940 81484 69846 60572 59206 70904 57852 75625 68636 74305 62504 86050 67765 80368 73361 61448 78194 69037 80669 87916 77137 60372 75016 66106 52830 62965 70534 71634
70045 55519 53662 67657 65179 54687 59036 72064 62132 71018 71083 57825 60553 69956 51218 69117 76503 55837 68258 66322 75148 76471 75791 49729 54057 59707 56897 66521 57120 53878
78450 62550 65181 80304 82856 74357 67405 96855 72662 85270 84472 79424 69024 77634 67429 86513 74178 71824 77314 65334 79351 85040 90777 63996 87602 83662 64870 71192 87081 66000
70843 70209 71515 87576 77845 66981 60651 85632 69841 81044 80921 71702 68887 83928 63852 90267 75359 68353 81330 77019 78964 80950 87064 66911 74479 64902 66088 72507 77025 67751
87589 67298 73708 88972 76506 76026 64259 88731 81644 84468 86552 73236 72421 89907 69529 88379 83643 69231 84585 70133 83653 94548 91135 66383 85433 80418 67494 75639 80462 61590
71407 59045 59656 82657 83234 65903 57014 90795 65196 81407 84479 73542 71286 80893 61417 88318 80995 70617 82318 65811 87847 83047 78370 55849 76657 75047 71175 65637 77115 71742
84570 76148 75221 90405 77528 66531 68227 97987 80126 91905 84757 83847 66612 86972 68272 85055 83235 77746 72569 82980 86465 87392 93370 59459 82788 80009 65605 83954 77269 72639
79652 68396 69466 86641 81239 80430 68981 102640 69628 84140 88876 81540 80089 82377 72864 85204 81663 77581 94666 82369 87147 87489 100941 67414 93770 84200 71659 80866 83814 67959
77465 57555 70928 78680 78293 73404 63374 95833 74112 77006 84705 65092 69066 75484 63442 78093 76827 70846 82290 65594 74985 84936 85751 63397 86952 80289 65418 66658 75516 62012
82060 62217 61735 72528 80336 75819 62395 93133 73555 73764 84793 75157 72112 85703 66593 76569 87904 76050 91536 62987 75301 87388 84082 60990 85017 77527 64562 72161 70610 68565
69528 69466 59340 74153 70102 60533 60663 71392 62763 68880 70496 62902 52783 72688 52463 76414 69941 56703 62424 73161 70972 85090 80200 47954 68015 71040 56290 73943 67523 60707
70471 56609 64157 66998 58885 61760 56018 77614 65652 68726 69450 65967 59004 68062 58481 71459 65141 59318 64014 55708 63769 71379 73005 52181 70710 73588 55103 61211 71603 49967
77728 55812 68745 83387 69482 62970 58775 87370 69267 70094 79041 66993 65898 81901 62120 86297 69221 71846 74570 65434 78805 88252 85741 66152 87791 66038 52798 69198 85010 61012
81210 67833 65009 75186 69197 65484 63541 76862 70475 70579 73822 76543 72532 80107 70145 77622 77684 63207 84364 70981 77997 84671 82386 66767 79680 71641 56053 77063 73780 67092
79789 60241 69302 77338 70447 72128 59515 90562 74120 74090 76244 66506 60686 75273 58404 77516 71854 70653 81485 69387 80465 86710 88760 63652 81855 79069 60334 73543 68695 62070
--------------------------------
93918 64260 77984 75482 85285 92534 77802 71768 95790 73580 77993 84773 77957 79709 84149 84429 88445 83090 75526 81981 81382 79922 81957 61128 66483 84245 94055 72985 59976 92633
65595 48160 66704 66661 74508 78518 56177 61586 79467 61103 61800 64429 59353 63284 64781 57651 72636 66912 52497 65415 56927 62827 58999 54149 53440 67036 73007 54928 44523 74552
79795 55432 69322 71271 78440 93807 75616 67882 97538 63289 62315 83609 69026 79451 83113 78708 89743 74090 86828 84041 77897 79703 76406 68950 64680 80527 93487 75074 65610 89766
91277 60932 67499 71569 78674 81768 68317 74898 85332 60138 66829 78931 72200 65331 82361 68917 81401 65006 69627 81388 70081 87793 78005 70708 69688 81700 78036 71133 51196 90651
86145 62572 72401 71345 72615 79915 69307 67900 81097 56630 61599 79077 64951 72264 87210 62603 75471 70083 61570 69693 66563 89923 71299 70430 66751 72986 80058 51742 48947 88584
70702 52867 66344 73327 79427 82118 68107 69715 83179 55325 52987 71086 59251 64528 78663 64985 82306 78778 67165 66735 69650 79072 71142 66699 68611 78071 85313 64617 56292 86433
77852 55367 67743 66416 76174 77525 73576 62482 85019 53374 59747 72242 62516 63265 77596 67147 80220 72991 71471 77595 65114 78968 67581 68506 59563 75076 82489 64978 57906 83461
84657 65406 77822 70958 80333 88675 66622 75493 87878 65915 70184 84099 75463 74894 82445 69239 84794 72100 69041 85293 73284 85743 76728 69774 64015 76885 84847 71081 48680 94876
99540 75456 78374 85625 88239 99049 78590 77941 99643 69852 79209 82073 81894 80286 87578 81104 99723 80568 87466 92615 84919 95420 85573 71028 82083 88574 99784 77214 69903 105336
87335 56153 71913 72515 81956 80395 60475 65811 83480 65194 61942 83817 65400 70447 86371 60564 81661 68098 64163 81418 66950 82048 73292 71752 73340 78623 82214 68936 55758 85731
87544 58342 73469 65229 78953 93277 73603 68115 91325 71092 76128 86091 75043 75241 88470 77562 84529 80301 77190 72440 78223 78793 77745 69775 68247 87695 88019 60245 54403 95266
85121 60444 77487 85472 90440 99504 72985 84290 102979 76795 68525 89250 82047 83088 96763 77347 88990 80146 70727 78659 83256 85486 80636 73716 70344 92245 89133 72557 58476 85368
104959 74484 87352 85812 96600 105183 80127 87985 109565 80012 80190 99896 83632 90772 103124 87997 105358 91330 89963 97823 85455 103996 87612 84930 77984 101268 106616 80608 69497 113765
80964 49737 64541 76125 86596 83552 73354 71804 90438 60817 64486 82118 63728 68208 86179 65149 82887 80435 79783 82307 76135 83427 78548 67960 66771 82250 86871 73974 59883 90929
90582 64723 84056 80995 83990 93673 80130 79024 93012 67091 74231 87839 77499 83023 95753 85157 87777 87162 69213 86199 70244 88581 89130 83412 68820 89885 93345 81505 51869 103808
93424 54001 78693 80999 89009 100681 75126 76891 101648 72712 74436 83935 80909 74577 80982 84923 90559 82681 75302 87330 80144 81077 83267 73702 74122 83337 97394 85711 58520 96909
70720 55922 69362 69025 78438 85348 66530 68825 85446 60104 61407 75722 67818 70985 77324 64055 77676 77196 64328 77284 69343 76402 74773 64944 59462 74987 81630 67777 47221 84719
102175 71765 92536 88111 101411 112441 84262 78139 107075 80059 84741 91740 82615 89847 100828 90222 101406 86092 87518 95224 85454 96944 93744 78785 81734 97302 105640 82493 66122 112471
85100 73341 70642 73193 81490 77535 73884 64231 84110 62018 70483 72342 68350 72232 82396 63515 80082 74019 69378 76595 67814 82278 70706 69707 72091 85658 80158 63582 56882 90359
89797 57276 68252 76698 78980 80951 79005 72412 93675 65714 73892 83042 70782 77161 84175 78188 85251 77964 78851 78413 80058 76739 81330 61020 62188 88519 87291 77676 63584 88735
99305 66185 87214 84336 94406 110511 75142 90229 107054 74860 73887 96932 86777 79225 98314 90967 109334 92011 78102 94623 83168 102245 94256 91152 83161 99562 104353 86963 59480 111462
77051 61585 64909 57049 73380 78175 57516 64836 76836 53940 59103 72319 65524 60929 77304 59737 70584 66259 64871 67019 65149 81754 62843 57299 67169 73436 70824 56126 50412 80295
96001 74243 80883 82764 86657 97756 70432 76697 96109 70509 74777 90135 83014 82364 91422 82019 93311 74633 79144 84897 74788 93699 78855 74437 73663 84753 89066 69721 63062 101164
83455 71461 71673 78212 82427 88490 72927 76712 92953 66078 67591 84132 79341 70703 85400 73888 92955 74876 83232 86810 80713 87556 76577 66927 68584 86855 83261 72005 65836 89344
77118 53136 66235 71754 78364 79491 62087 64611 88018 65197 57728 80152 58448 66838 79516 65773 87311 71481 62774 77538 67788 81523 66897 66888 67936 78901 75539 69593 48516 82741
100886 77799 86262 85184 97867 103466 80928 84761 110232 79189 81325 90879 82529 91064 90610 89646 101558 87982 79973 94855 75470 98144 87682 78443 84349 102343 103315 87970 63060 108697
103381 78489 73770 81072 90980 101273 92522 86186 104218 71918 81470 95765 87013 89404 98924 89220 100635 85106 93682 91796 95470 96722 94510 74731 72230 92212 96507 79250 73004 103376
91943 71176 77623 89810 87581 95435 77041 76519 102565 77672 77165 90299 82335 83398 94146 76517 89295 83776 75711 83638 82221 89393 77129 73695 75791 90060 89125 69874 58824 93610
91168 56414 76030 68511 74675 85503 66036 70353 95561 65594 73672 82288 73297 74473 76113 71131 79502 74072 62152 78434 69811 79942 71850 61427 68643 79545 86134 71466 51083 86337
72034 57926 71467 63507 77176 86126 61604 70475 77248 58403 54903 75691 63591 70462 84481 67056 75716 77442 60054 66575 62698 82849 69914 70071 64211 74913 82406 54958 46904 89761
--------------------------------
87605 88699 94100 95685 80813 93323 85124 73209 84202 95332 88360 90841 80624 97068 83987 89106 82501 82613 91621 86527 93427 74486 74848 84904 82597 85530 82015 101504 109363 102518
91876 81567 86322 94357 71728 90202 82032 66170 78414 87163 80259 90413 77993 90722 68718 74972 77674 75578 86505 83797 94278 65145 65122 72406 72604 85649 79633 99850 105211 92408
82491 86941 77686 86805 72564 78072 80124 64880 73749 89439 78614 92542 77588 88328 76058 79962 82344 80958 87284 76781 101857 64769 62017 78851 79153 83313 83568 98379 95098 89627
79557 73604 80423 81073 58886 80094 79654 69623 63072 71694 62149 80707 67826 81059 74676 66791 72578 69620 80376 69787 94020 71415 59926 69242 64823 70343 74584 84315 91938 80228
62626 67908 72473 74707 59112 73876 63469 46752 67793 66743 56585 67748 61634 73724 60924 59818 58450 61722 67828 72279 74828 56195 45612 59601 61408 62757 60489 71201 79089 67369
78614 79051 81044 80927 72659 79695 89309 70317 71116 87846 77116 92517 68444 93203 81009 74991 82676 76805 84893 79927 96476 72361 57914 66652 73266 80312 83450 92645 98833 88842
86035 78679 75605 85641 73409 85080 84869 64565 77661 86862 78456 88243 82682 83480 80908 85994 79366 84208 83399 81639 93562 62226 71349 75457 82821 83059 84311 92722 94366 98477
68200 77718 73770 76491 66819 72009 74668 60265 62056 85059 67216 80030 63764 75920 74551 70103 73375 70711 73432 77670 76767 64795 52722 69829 71517 69637 74562 83992 88053 76300
71147 74727 73018 83591 68123 73591 73402 55783 66844 76078 70644 74893 68996 74528 70400 75179 70473 69472 77208 70391 84129 54920 59495 68193 76672 71852 62057 83937 80948 77768
85242 89264 81648 89196 87370 79888 85919 65086 78548 93731 74841 91583 81813 90500 90307 84676 85156 82416 84740 85747 93898 69997 67599 86437 88058 80585 86847 99487 104464 98523
90241 98271 97224 102796 80277 97121 92327 79346 80249 91028 86204 91411 92291 91025 85973 88392 83824 87586 90871 86658 105610 74785 76383 90225 90974 89475 80535 100741 104603 101298
69739 77380 76300 80626 57618 65225 72032 58904 56261 74119 63700 75337 58436 67971 56901 60000 57591 65228 68382 73392 80345 65958 53647 64739 56140 79809 63945 73672 80982 67438
76837 74811 75205 81766 73004 77242 70565 54236 74546 77304 74692 77425 75794 82954 66223 76336 76016 77278 73966 75278 90389 57591 56899 62943 79651 74340 73868 88136 89097 86150
67977 71581 61337 72034 65780 70441 64086 54414 62569 68229 68168 64766 65984 71196 60429 66277 70323 64523 65059 75962 78687 50186 53977 59455 66771 66006 56312 70247 78300 75171
85352 79737 64079 85255 65156 66550 76754 60065 62169 73328 62557 78831 65261 69451 69640 61140 66993 71183 69013 74272 88846 69122 63078 64378 72582 73836 71843 78512 88466 84519
78128 68617 67628 84124 60280 77580 71473 50726 69642 73973 60145 74222 71494 73452 67992 70877 74420 73433 80643 75820 76402 57952 56544 62688 68307 70591 73499 84752 90030 83429
81496 73944 69901 86366 67007 76943 75286 52670 68434 80801 63188 78733 69905 73810 71317 66798 71878 71513 74623 75135 82970 56944 58277 64508 74687 64838 63572 84829 88258 82122
62888 66887 55619 73245 53012 53137 64049 45864 49723 60240 51129 67447 51164 58247 51197 57206 56625 65374 56004 57464 72817 50826 45648 53393 59394 62902 56635 67361 71915 67523
79971 79199 82042 95561 67779 89641 83228 61371 78130 89790 75520 84551 76111 87967 68222 73842 80523 75793 78310 87507 94889 66040 62574 74742 76333 80777 78700 92188 99231 90443
74558 75188 73031 73436 68076 72339 73052 60452 63913 76177 68444 80340 64949 76381 71082 62800 60919 69598 70538 70438 86908 64466 56672 61146 69836 77983 74712 78801 80326 78159
64275 77037 69722 77152 66329 68714 69711 57568 64002 78127 69876 72305 65900 75870 69462 62809 72506 65452 69169 73754 83487 55862 57919 64262 71534 73345 65636 79837 83980 76113
64590 60449 58926 61393 54317 70440 60573 52153 61816 66422 55067 64821 55981 70089 68680 53730 56008 54309 64421 63135 72797 51874 51454 51299 63001 56935 61046 63293 76165 72986
77497 77083 83236 81006 69414 82629 73972 61909 73786 86283 79654 86423 70359 87838 74988 83099 81062 78140 86598 85711 90300 62665 58517 72590 73979 83397 84292 95377 99282 88374
73727 67806 66890 76874 68841 68222 73922 53657 62070 72149 63922 75870 67102 77418 70270 62120 60090 74054 64583 63962 82171 50109 58041 66758 67816 72525 65210 81986 78962 87547
84737 76496 82630 80082 81691 87745 81843 70118 71921 84417 72997 85183 74351 92045 83865 70340 75133 79108 77346 79242 105496 66591 73935 65871 83653 81470 72251 93051 88769 91741
68500 72940 83863 69881 72029 73938 73801 61158 63819 80508 70932 82065 61481 84948 73101 70447 67149 69866 77865 73397 91821 62874 56134 69263 69559 73555 66078 85586 81777 72124
62816 74664 71959 73592 68150 58563 73086 61263 54798 70045 62736 71434 60167 71645 66990 52748 56012 63222 63206 61620 76663 59720 57663 59140 60831 84020 64577 68063 79285 71577
76720 80483 86161 88569 69427 82796 84521 74183 76155 81826 80474 81760 76931 85783 79564 86286 85530 73647 87849 77360 96923 73517 64101 79203 81342 81720 86429 92020 97332 87861
74639 68010 71922 80566 56949 72259 71934 55092 62099 62675 64784 71059 59692 63582 62512 60632 62737 67297 66693 76315 81316 58948 55356 57001 68870 71200 58518 71668 82155 70685
85525 85931 85857 94056 67045 78876 82781 64990 63126 80387 71002 91461 72423 82373 78729 75451 72785 79134 80955 76282 95288 72268 64971 78043 76224 81465 76939 99251 95076 87824
