2283 2307 2036 2200 2048 1921 2017 2126 1959 1896 1894 2376 2129 2101 1932 1997 2171 1915 2147 2048 2007 1895 2157 1892 2005 2279 1793 1951 1990 1987 1980 1841 2354 1915 2236 2265 2374 1855 2059 2102 2205 1944 2005 1809 2411 1946 2048 2084 1947 1955 1761 2016 2052 2261 2125 2207 1854 1946 1811 2068 1941 1871 2175 1911 2059 2192 1801 2365 2054 2104 2201 1894 2135 1930 1963 2280 2240 2056 1802 1896 2202 1902 2054 2035 2033 2106 1948 1854 1978 2386 2118 2357 2180 2257 2437 2140 1919 1997 2105 2019
1624 1833 1485 1731 1673 1491 1671 1859 1555 1608 1554 1948 1815 1799 1520 1768 1710 1748 1807 1734 1876 1438 1931 1638 1724 1832 1690 1743 1717 1760 1709 1714 2043 1618 1695 1841 2086 1496 1668 2011 1891 1666 1581 1477 1951 1766 1560 1619 1551 1694 1546 1583 1725 1940 1759 1861 1636 1543 1538 1492 1568 1451 1819 1849 1801 1735 1582 2025 1672 1776 1973 1757 1723 1606 1681 1837 2017 1766 1809 1689 1748 1590 1797 1648 1803 1586 1554 1549 1650 1880 1655 1887 1966 1865 2030 1792 1560 1666 1572 1602
1929 1942 1779 1933 1715 1565 1705 1758 1786 1722 1836 2122 2058 1642 1832 1792 1797 1605 1981 1764 1770 1612 1957 1699 1764 1834 1531 1749 1883 1696 1872 1724 2248 1782 1696 1970 2342 1824 1689 2050 1749 1669 1690 1599 1980 1542 1735 1899 1787 1682 1509 1664 1769 1869 1832 1976 1717 1751 1707 1621 1752 1643 2006 1744 1936 1929 1546 2246 1703 1750 1915 2042 1755 1504 1742 2097 2083 1777 1987 1878 1963 1716 1890 1936 1724 1747 1681 1659 1970 2154 1711 2007 2119 1966 2141 2010 1655 1745 1859 1739
2298 2233 1840 2263 2132 1960 1846 2198 1903 2113 1893 2366 2267 2119 1932 2069 2090 1830 2081 2016 2098 1657 2276 1947 2022 2373 1891 2128 1879 2058 2257 1836 2337 2027 1909 2198 2485 1772 2089 2379 2155 2052 1968 1796 2341 1891 1951 1866 1979 1930 1798 1936 1971 2258 2225 2382 1933 2087 1826 1893 2034 1920 2247 1995 2171 2086 1959 2444 2095 2081 2416 2269 2169 1793 1977 2166 2354 2030 2057 2071 2133 2002 2002 2090 2000 2035 1909 1703 2041 2352 2019 2283 2388 2084 2446 2196 1839 1992 2045 2046
2173 2140 1901 2219 1954 1780 2056 1974 1874 1879 1907 2269 2251 2014 1883 2016 2040 1888 2069 2065 2073 1820 2047 1960 1993 2184 1867 1927 2017 1866 2033 1964 2449 1908 2091 2308 2371 1827 1850 2181 2126 1787 2117 1643 2214 2136 1891 2033 1862 1931 1766 1998 2021 2183 2082 2338 1758 1961 1886 1968 1909 1850 2091 2192 2001 2204 1893 2521 2016 2000 2222 2032 2015 1964 2068 2218 2357 1961 2007 1718 2252 1912 1968 1980 2071 2039 1881 1915 2030 2492 1957 2169 2085 2307 2296 2085 1820 1894 2085 2067
2069 2239 1871 2291 1964 1888 1938 2276 1914 1915 1885 2277 2147 2090 1792 2107 1925 1890 2188 1917 2101 1618 2349 1885 2006 2217 1755 1985 1931 1932 2084 1738 2340 1971 2013 2139 2375 1643 1872 2247 2094 1951 1949 1861 2204 1991 1960 1742 1769 2000 1642 1819 1729 2118 2014 2299 1873 1993 1780 1943 1746 1841 2134 2098 2144 1935 1887 2447 2010 2146 2269 2043 2165 1818 2091 2151 2190 1838 2014 2012 2196 1922 1970 2055 2012 1923 1891 2088 1810 2262 1812 2157 2214 2171 2236 2127 1822 1795 2032 1877
2079 2205 1757 2165 2033 1773 1933 1987 1789 1928 2065 2204 2226 2049 1925 1989 1987 1941 2082 2064 2001 1746 2201 1908 1875 2167 1755 2060 1857 2097 2011 1746 2361 1968 2029 2212 2433 1849 2009 2240 1972 1835 1813 1734 2200 2068 1894 1905 1828 1971 1780 1971 2062 2308 1983 2209 1782 1776 1682 1949 1829 1707 2158 2100 2012 2143 1701 2498 1976 2073 2153 2131 2153 1770 2091 2192 2343 1937 2006 1969 2076 1971 2011 1964 2052 1981 1876 1840 2033 2239 1888 2211 2183 1900 2394 2092 1798 1933 1956 2125
1936 1978 1603 2100 1861 1697 1772 1922 1703 1655 1759 2066 2089 1786 1715 1809 1806 1703 1977 1863 1834 1592 2130 1789 1837 1886 1615 1929 1615 1835 2028 1815 1959 1818 1804 2054 2041 1554 1864 2125 2042 1714 1601 1612 1994 1952 1704 1856 1888 1759 1618 1880 1821 1989 1792 1979 1514 1923 1656 1714 1593 1711 2020 2002 1830 1761 1652 2231 1664 1844 2035 1925 1845 1699 1775 1791 2122 1911 2026 1885 1971 1785 1774 1769 1746 1691 1677 1701 1867 2259 1705 2106 2210 1980 2085 1936 1603 1787 1773 1912
2003 2113 1897 2163 1949 1927 1963 2093 1987 1865 2019 2528 2141 2062 1850 1876 1965 1895 2059 2072 2131 1674 2325 1910 1992 2061 1748 2053 1928 1975 2219 1906 2352 1835 2135 1982 2345 1849 2051 2157 2134 1973 1962 1716 2285 1849 2055 2066 1953 1927 1846 1834 2053 2292 2085 2125 1815 1871 1734 1718 1903 1835 2150 2033 2000 2023 1801 2223 1836 2085 2074 2014 2006 1722 1857 2132 2282 2018 1941 1867 2030 1894 1966 2144 1989 1878 1824 1882 1878 2178 1951 2243 2279 2161 2448 2129 1744 2040 2028 1968
2003 2026 1593 1910 1826 1622 1858 1917 1679 1600 1788 2127 1858 1921 1740 1780 1789 1783 1779 1767 1755 1654 1926 1780 1848 1975 1448 1752 2004 1761 1767 1534 2014 1734 1959 2118 2137 1764 1685 1999 1871 1905 1737 1653 2122 1935 1665 1716 1666 1638 1561 1691 1838 2018 1885 1886 1646 1875 1661 1801 1630 1779 2120 1902 1848 1888 1426 2119 1779 1857 2042 1794 1880 1744 1824 1939 1869 1769 1795 1650 1914 1665 1852 1822 1799 1651 1650 1713 1844 2160 1808 2157 1970 2043 1963 1702 1613 1691 1906 1644
2325 2160 2054 2207 2166 1910 2031 2067 1968 2116 2026 2455 2340 2320 2000 1905 2116 1778 2268 2109 1933 1667 2266 1986 2189 2315 1797 2069 2174 2100 2067 1877 2415 2111 2110 2482 2376 1771 2062 2185 2229 2142 2076 1948 2401 2125 2112 2067 1689 2103 1756 2122 2048 2244 2299 2339 1859 2005 1963 2076 2118 2060 2293 2314 2085 2242 2021 2433 2060 2089 2300 1983 2205 1998 1972 2108 2352 2118 2184 1972 2152 2025 2077 1968 2140 2085 1865 1912 2190 2392 2005 2398 2230 2342 2464 2056 1994 1913 2024 2180
1991 1913 1619 2018 1900 1629 1777 1671 1673 1598 1700 2006 1920 1791 1660 1702 1787 1591 1889 1872 1897 1611 1941 1812 1946 1845 1378 1681 1826 1591 1771 1730 1995 1608 1896 1918 2128 1653 1537 1962 1855 1649 1831 1604 2087 1622 1584 1890 1644 1614 1460 1749 1669 1925 1816 1835 1540 1770 1475 1755 1696 1638 1929 1884 1721 1829 1511 2070 1708 1776 1792 1788 1668 1588 1868 1818 1892 1746 1933 1724 1942 1615 1626 1780 1781 1618 1679 1684 1828 2202 1662 2062 2038 1942 2033 1806 1662 1777 1810 1801
2455 2288 2238 2364 2230 1983 2122 2287 2084 2313 2224 2579 2495 2355 2190 2322 2132 1979 2390 2115 2026 1874 2301 2015 2371 2455 2082 2206 2179 2173 2312 1977 2532 2183 2209 2528 2663 2070 2340 2372 2287 2111 2062 2129 2513 2082 2170 2168 2059 2128 1828 2144 2317 2322 2361 2523 2178 2254 2237 2112 2140 2205 2461 2391 2182 2389 2050 2638 2158 2200 2628 2431 2354 2126 2102 2311 2341 2235 2202 2214 2219 2071 2266 2134 2311 2210 1914 2123 2200 2494 2322 2606 2494 2482 2522 2351 2212 2176 2222 2138
2151 2151 1943 2224 1973 1919 2062 2001 1818 1867 1971 2429 2251 2032 1852 1980 2120 2023 2149 2247 2086 1599 2435 1829 2062 2158 1781 2047 2089 2010 2020 1942 2316 1889 2028 2098 2450 1822 2027 2244 2113 1950 1860 1771 2235 2056 1835 2033 1916 1944 1933 1906 2263 2341 2245 2035 1864 1926 1791 1961 2061 1925 2074 2187 1967 2144 1858 2254 2060 2070 2125 1934 2010 1917 2054 2127 2278 2080 2130 1946 2041 1997 2047 2210 2120 2117 1823 1797 1980 2376 2104 2257 2279 2164 2335 2109 1910 2074 1960 2026
2158 2160 1985 2144 2019 1811 2114 2015 1885 1933 1818 2339 2301 2089 1920 2042 2109 2004 2144 2259 2073 1698 2375 1889 1871 2220 1786 2004 2218 1966 2180 1960 2544 1734 2103 2208 2473 1890 1949 2231 2279 1897 1992 1681 2373 2028 1911 2046 1873 1778 1706 1867 2084 2338 2132 2377 1787 2005 1820 1967 1988 1944 2277 2076 1912 1983 1918 2425 1953 2059 2226 1889 2124 1830 2103 2247 2198 2019 1896 1877 2151 1971 2016 2077 1972 1980 1862 1779 1973 2525 2047 2107 2178 2279 2460 2056 1853 1910 2089 2111
2181 2145 1967 2086 1863 1785 1771 1883 1955 1980 2052 2325 2258 1989 1903 2005 2088 1743 2010 1884 1887 1632 2109 1807 2072 2070 1759 1925 1959 1896 2015 1919 2358 1892 2050 2095 2332 1809 1940 2081 1932 1957 1961 1653 2218 1833 1960 1857 1761 1869 1638 1923 1946 2169 2101 2171 1812 1823 1701 1842 1982 2027 2091 1887 1926 2051 1702 2322 1944 2115 2004 2073 2001 1919 1590 1974 2166 1923 2089 1911 2142 1919 1860 2067 1826 1719 1914 1850 1935 2291 1917 2173 2124 2034 2394 2035 1718 1935 2014 2011
2019 2098 1714 2281 1974 1704 1882 2163 1907 1871 1910 2160 2110 2132 1928 2097 2087 1890 2259 1922 2142 1556 2322 2007 2069 2269 1739 2091 1938 1975 2163 1971 2250 1874 2073 2154 2533 1891 1917 2391 2068 1983 1765 1740 2330 1913 1899 1953 1733 1986 1748 1871 1834 2349 2165 2152 1829 1943 1772 1918 1959 1733 2038 2117 1908 2036 1739 2467 1908 2001 2153 2014 1935 1805 2123 2217 2171 1751 2110 2016 2065 2018 1967 1983 2017 1961 1926 1849 1899 2207 1980 2140 2266 2081 2386 2272 1868 2167 1938 2119
1971 2123 1845 1903 1996 1826 1982 2067 1849 1989 2168 2270 2304 1926 1839 1822 1994 1848 2018 2100 1925 1691 2242 1773 1890 2063 1833 2033 1954 2013 2063 1855 2395 1866 2070 2216 2291 1796 1961 2149 2154 1989 1838 1620 2144 1929 1906 1910 1799 1901 1722 1832 2149 2281 2058 2091 1831 1914 1762 1831 1845 1959 2088 2023 1998 1983 1859 2458 1899 1991 2194 2039 2182 1900 1885 2155 2200 2002 2052 1737 2097 1941 2076 1984 1966 1902 1807 1896 1929 2187 1890 2236 2228 2163 2243 1998 1739 1744 2079 1997
2239 2130 1884 2235 1936 1740 1839 1879 1873 1994 1980 2410 2098 2049 1817 2046 2005 1766 2119 1966 1921 1824 2141 1899 1981 2218 1786 2002 1950 1873 2083 1870 2237 1955 2027 2285 2196 1832 2124 2088 2173 1930 1770 1825 2133 1950 1924 1964 1869 1816 1644 1824 1992 2177 1892 2122 1795 1826 1909 1999 1953 1836 2130 2272 1849 2044 1790 2424 1801 2005 2224 2010 1910 1810 2048 2110 2278 1887 2028 1890 2053 1887 1957 1975 2011 2038 1737 1915 1872 2256 1941 2397 2193 2168 2374 2149 2008 1917 2047 2167
2265 2380 1975 2379 2173 1852 2018 2138 2273 2098 2062 2476 2354 2368 1930 1943 2244 2080 2316 2263 2007 1792 2274 2038 2086 2420 1862 2118 2020 2039 2221 2073 2609 2047 2186 2170 2617 1952 2120 2386 2263 2141 1996 1797 2440 2122 1953 2177 1911 2056 1997 1968 1956 2343 2260 2352 2052 2022 1844 2150 1990 1849 2414 2265 2053 2205 2057 2696 1970 2126 2290 2075 2152 2000 2193 2263 2401 1985 2108 2051 2195 2154 2197 2084 2183 2167 1963 1844 2126 2644 1964 2533 2294 2132 2534 2295 1962 2016 2067 2322
2036 2037 1821 2061 1947 1745 1885 1955 1785 1787 1973 2283 2084 1843 1745 1969 1897 1903 2019 1967 2053 1659 2159 1702 1887 2010 1725 1718 1994 2057 2055 1681 2286 1735 2054 2003 2397 1752 2015 2117 1991 1900 1861 1578 2209 1710 1720 1867 1882 1822 1658 1868 2022 2052 1952 2191 1856 1798 1709 1723 1760 1815 2006 1957 2027 2140 1612 2345 1801 1812 2015 2034 1936 1918 1782 2060 2082 1862 1991 1936 2062 1885 1982 2000 2023 1848 1741 1746 1969 2154 1859 2192 2284 2025 2193 2069 1754 1915 1950 1869
1833 1813 1763 1804 1795 1527 1941 1800 1772 1683 1768 2034 2063 1858 1576 1630 1755 1793 1913 1933 1730 1467 1837 1575 1641 1895 1577 1870 1836 1714 1945 1694 2198 1641 1719 1964 2018 1698 1688 1956 1839 1517 1725 1559 2018 1718 1632 1838 1658 1792 1579 1587 1723 1885 2009 2068 1539 1660 1660 1745 1638 1754 2033 2055 1730 1731 1683 2058 1594 1744 1921 1686 1831 1504 1643 1832 1994 1736 1791 1689 1816 1744 1741 1686 1739 1752 1533 1652 1818 2034 1864 1934 2001 1959 2084 1812 1511 1702 1830 1834
2288 2207 1938 2399 2248 2047 2042 2174 2031 2081 1968 2460 2331 2286 2018 2158 2151 2035 2081 2242 2180 1872 2400 2014 1969 2253 2032 1967 2087 1999 2030 1923 2495 1981 2201 2307 2562 1966 1986 2368 2282 2108 2075 1885 2436 2121 2024 1954 2027 2006 1820 2053 2111 2226 2123 2229 2069 1940 1942 2082 2060 2073 2404 2277 1970 2305 2003 2511 2172 2198 2346 2064 2201 2051 2143 1985 2314 2134 2192 2199 2297 1914 2161 2145 2293 2121 1838 1924 2124 2433 2020 2540 2252 2301 2370 2317 1947 2088 2137 2101
2168 2136 1778 2103 1884 1658 1922 2119 1876 1999 1850 2316 2174 2070 1966 2074 2005 1844 2131 2104 1989 1698 2258 1898 1884 2294 1894 1936 1986 1928 2198 1904 2328 1926 1916 2272 2178 1822 1948 2200 2189 1864 1841 1781 2255 1993 2165 1909 1977 1782 1780 1888 1948 2131 2088 2239 1729 2000 2017 1818 1854 2020 2180 2122 1974 1960 1922 2343 1888 1988 2358 2074 2030 1838 1913 2095 2114 2119 1901 1976 2107 1935 2052 2040 1958 2016 1683 1765 2021 2188 1951 2175 2212 2243 2265 2118 1817 1911 1918 2001
2183 2368 2216 2209 2061 1860 2172 2077 2072 2074 2105 2414 2375 2264 2082 2097 2326 2171 2326 2024 2047 1751 2210 1975 2066 2342 1803 2167 2074 1911 2135 2012 2535 1986 2210 2351 2607 2000 2062 2341 2117 2024 1985 1870 2463 2107 1967 2119 2122 1918 1770 2060 2121 2306 2327 2245 1948 1909 1971 2089 2152 1952 2411 2344 1938 2113 2038 2598 2080 2182 2319 2134 2081 1987 2039 2356 2414 2007 2232 2046 2235 2123 2205 1939 2147 2187 2047 1869 2194 2460 2090 2520 2384 2209 2578 2233 2059 2080 2117 2299
2024 1960 1722 2122 1850 1694 1911 1826 1675 1700 1889 2201 2070 1762 1845 1842 1969 1771 1956 1985 2027 1702 1985 1757 2005 1745 1674 1850 1740 1833 1878 1758 2227 1611 1943 2019 2191 1782 1875 2029 2008 1768 1721 1612 2185 1897 1743 1872 1771 1714 1673 1850 1843 1930 1829 1935 1556 1788 1647 1801 1862 1792 1948 2073 1784 1960 1668 2115 1705 1759 1924 1962 1842 1802 1855 2110 2156 1928 1996 1918 2057 1745 1942 1914 1971 1803 1699 1649 1812 2135 1811 2165 2103 2206 2168 1940 1716 1938 1794 1996
2333 2496 1923 2468 2303 2049 2181 2232 2083 2178 1977 2549 2374 2465 2235 2239 2246 2255 2370 2267 2272 1885 2522 2102 2230 2466 2037 2103 2262 2120 2184 2069 2478 2029 2312 2470 2661 2067 2215 2459 2421 2190 2179 2077 2462 2190 2208 2246 2184 2018 1996 2121 2109 2403 2315 2471 2164 2152 2002 2162 2158 2100 2431 2553 2179 2409 2135 2608 2286 2260 2568 2164 2174 1987 2257 2195 2536 2243 2079 2144 2329 2265 2300 2259 2407 2163 2030 1866 2226 2707 2047 2480 2528 2433 2566 2357 2164 2177 2128 2303
2158 1938 1944 1922 1997 1796 1989 1887 1779 1838 1675 2326 2067 1919 1750 1938 2067 1892 1970 1990 2024 1710 1904 1712 1758 2073 1797 1788 1835 1730 1909 1770 2280 1658 1861 2069 2305 1705 1790 2065 1961 1693 1810 1551 2154 2044 1850 1825 1839 1775 1616 1791 1914 2197 1894 1984 1843 1801 1844 1975 1830 1782 2146 2076 1666 1996 1671 2170 1897 1868 2077 1944 2031 1723 1879 2051 2013 1841 1989 1846 2042 1670 1947 1899 1870 1866 1702 1724 1926 2159 1938 2151 2042 2091 2202 1970 1806 1917 1927 1866
2389 2226 1952 2360 1944 1835 1932 1994 1958 2009 2058 2384 2090 2149 2025 2059 1924 1909 2112 2172 2079 1865 2214 1947 2007 2028 1928 1975 2028 1878 2112 1965 2524 1815 2263 2140 2634 1830 1939 2155 1912 1852 1965 1815 2424 2101 1949 1953 2017 1902 1818 2028 2075 2243 2134 2285 1891 1858 1862 1913 2010 1878 2092 1981 1981 2196 1719 2541 2015 2187 2129 2199 2173 1811 1972 2148 2175 1964 2041 2154 2406 1980 2119 2042 2012 1954 1931 1868 2226 2214 1914 2374 2179 2184 2324 2180 1860 2150 2148 1896
2069 1944 1783 2140 1945 1682 1987 1995 1659 1831 1923 2222 2262 2029 1996 1890 1979 1810 2116 1919 1991 1572 2277 1840 1839 1997 1508 1932 2040 1873 2020 1828 2102 1869 1947 2183 2366 1677 1863 2101 2023 1981 1737 1704 2412 1934 1768 1771 1931 1832 1694 1861 2074 2137 2132 1923 1738 2008 1790 1784 1820 1814 2023 2016 1775 2055 1853 2242 1914 1936 2168 1932 1959 1844 1940 1965 2034 1889 2115 1778 1885 1920 2062 1647 1947 1950 1657 1763 1889 2219 1915 2319 2122 2084 2159 1845 1819 1889 1990 1923
2060 1864 1773 1934 1702 1830 1569 1792 1722 1910 1597 2232 1899 1822 1542 1850 1788 1510 1934 1817 1760 1497 1868 1667 1712 1942 1660 1646 1652 1729 1843 1667 2163 1652 1881 1980 2208 1510 1770 1815 1856 1736 1736 1581 2007 1847 1758 1562 1651 1896 1726 1696 1827 2002 1766 1933 1546 1496 1693 1789 1794 1656 1875 1808 1597 1910 1580 2193 1799 1756 1900 1868 1896 1642 1607 1689 1980 1612 1938 1954 1906 1566 1826 1819 1852 1841 1677 1660 1702 1947 1709 2088 1817 1837 2177 1961 1745 1755 1819 1869
2099 2183 2031 2189 2130 1821 1993 2017 1845 1937 2010 2310 2239 2044 1897 1914 2095 1851 2135 2004 2096 1826 2201 1906 2004 2209 1942 2080 2103 2115 2212 1949 2335 1797 2086 2211 2461 1875 1936 2238 2151 1787 1846 1746 2349 1981 1737 1925 1903 1968 1728 1838 2094 2207 2023 2207 1805 1805 1862 1907 1916 1826 2144 2021 1772 2148 1703 2384 1891 2048 2196 1957 2015 1837 1878 2037 2183 1983 2094 2026 2184 1800 1927 1983 1935 2026 1744 1807 2135 2257 1970 2382 2281 2151 2419 2216 1755 1978 2093 1937
2083 1854 1654 1975 1921 1622 1506 1851 1672 1762 1640 2053 1978 1872 1559 1911 1650 1510 1877 1842 1881 1682 1878 1791 1777 2069 1656 1818 1719 1708 1769 1575 2067 1647 1794 1861 2192 1603 1642 2059 1866 1826 1644 1548 1999 1793 1694 1542 1524 1739 1505 1752 1617 1815 1769 2038 1512 1875 1652 1668 1684 1760 1985 1848 1785 1813 1645 2162 1674 1621 2054 1878 1780 1688 1775 1913 1854 1727 1787 1911 1985 1621 1762 1816 1769 1766 1546 1769 1739 2161 1658 1991 1792 1907 1877 1938 1694 1675 1589 1740
2090 2276 1856 2037 2033 1800 1879 1967 1899 1932 1860 2316 2041 2026 1887 1905 2105 1863 2157 2003 1755 1674 2049 1900 1962 2112 1740 1918 1938 1854 2004 1910 2232 1823 1768 2220 2365 1736 1953 2205 2042 2039 1740 1637 2177 2029 1900 2039 1841 1872 1551 1962 1950 2172 2218 2022 1855 1970 1811 2036 1973 1755 2113 2204 2035 2008 1914 2494 1955 2013 2199 1959 1939 1731 2163 2114 2161 1853 1910 1883 2089 2001 2064 1994 1929 1938 1844 1762 1968 2303 1852 2163 2296 1945 2097 2039 1988 1950 1964 1890
2392 2068 1898 2273 1973 1971 2020 2101 2032 1977 2070 2396 2405 2212 1869 2133 2130 1794 2143 2051 2063 1578 2382 1909 1970 2330 1980 1988 2097 2022 2241 2070 2349 1951 1965 2208 2444 1872 1969 2308 2154 2035 1819 1845 2258 2167 2005 1908 1946 1964 1748 1901 2096 2277 2168 2205 1859 2048 1761 2010 1926 2013 2230 2145 1795 2006 1878 2400 1958 2196 2352 2130 2104 1960 2034 2195 2300 2056 2002 1968 2146 1952 2034 2009 2027 1928 1795 1966 1961 2330 2073 2384 2151 2170 2417 2126 1670 2045 2071 2135
2118 2064 1717 2288 2014 1805 1945 2112 1750 1810 1937 2368 2159 2002 1879 2058 2030 1974 1936 2075 2161 1619 2342 1968 1941 2183 1719 1899 2014 1935 2009 1826 2342 1895 2040 2177 2541 1830 1822 2263 2063 1846 1872 1698 2376 1968 1900 1782 1833 1783 1814 1968 1922 2192 2175 2192 1842 1923 1702 1853 1943 1781 2060 2100 2049 2129 1838 2317 1982 2044 2149 2076 2115 1765 2135 2124 2261 1942 2069 1962 2188 1918 1882 1964 1978 1960 1889 1756 1905 2378 1959 2220 2212 2198 2375 2146 1850 2043 1862 1952
2114 1907 1626 2035 1795 1658 1814 1846 1635 1785 1731 2016 1921 1990 1742 1845 1657 1684 1804 1679 1795 1521 1834 1740 1738 1880 1603 1898 1845 1785 1844 1563 2022 1661 1955 1954 2067 1698 1793 1899 1820 1764 1697 1599 2054 1922 1658 1694 1698 1703 1519 1826 1878 2109 1937 2080 1708 1662 1559 1827 1682 1693 1969 1969 1658 1817 1587 2191 1868 1874 2073 1796 1853 1697 1762 1701 2005 1652 1815 1807 1973 1766 1777 1728 1923 1612 1720 1813 1812 2028 1619 2060 1998 1857 2054 1787 1607 1783 1858 1850
1975 2059 1702 2092 1858 1581 1835 1718 1713 1809 1735 2069 1929 1899 1751 1928 1947 1602 1796 1756 1798 1677 1849 1817 1942 1963 1591 1817 1780 1747 1947 1702 2069 1706 2080 2032 2046 1673 1712 2118 2169 1692 1829 1580 2070 1817 1717 1877 1722 1596 1503 1714 1863 2064 1832 1932 1684 1693 1660 1884 1704 1694 1975 2040 1719 2036 1523 2263 1688 1879 1964 1894 1756 1780 1812 1931 2000 1727 1887 1754 2031 1524 1879 1824 1832 1670 1758 1600 1791 2161 1798 2116 2113 1947 2199 1905 1691 1860 1764 1792
2075 2128 1946 2307 2022 1867 1953 1981 1888 1724 2080 2556 2134 2048 1802 2036 2048 1941 2079 2003 2116 1794 2236 1902 1965 2150 1739 2167 1938 1895 2148 1959 2201 1806 2104 2160 2330 1664 1977 2208 1946 1946 1971 1741 2249 2127 1781 1843 1702 1910 1777 1785 1998 2262 2035 2099 1900 1845 1719 1936 1959 1805 2101 2223 1805 2118 1702 2203 2002 1975 2086 2001 2067 1867 2139 2205 2143 1833 2114 1847 2141 1952 1876 2028 1967 1955 1882 1828 1936 2146 1928 2387 2214 2344 2206 2168 1904 1932 1867 1966
2347 2247 2085 2318 2307 1924 2170 2110 1909 1930 2037 2455 2295 1992 2137 2045 2020 1982 2093 2203 2144 1972 2275 2021 2055 2282 1919 2101 2052 1964 2128 1653 2340 1957 2208 2272 2473 2033 2037 2413 2204 2027 1972 1877 2348 2227 2007 2069 1892 1968 1685 2094 2060 2206 1992 2279 1918 2046 1859 2049 2029 1902 2534 2236 1938 2253 1899 2482 2095 2054 2307 2066 2128 1916 2149 2137 2332 2039 2184 1940 2199 1922 2112 2107 2156 2108 1864 1845 2149 2463 2086 2515 2463 2466 2392 2160 2045 2146 2073 2069
1908 1884 1628 1926 1722 1654 1767 1671 1657 1741 1585 2012 1893 1732 1453 1625 1838 1561 1734 1883 1610 1541 1711 1619 1669 1980 1781 1732 1790 1640 1856 1662 2077 1560 1658 2003 2155 1542 1623 1899 1974 1520 1629 1386 1831 1824 1710 1751 1516 1638 1284 1763 1633 1970 1569 1975 1634 1623 1566 1784 1699 1626 1972 1917 1645 1833 1492 2168 1658 1803 1860 1711 1784 1539 1684 1766 2063 1562 1698 1756 2000 1713 1829 1849 1815 1799 1661 1609 1708 1923 1710 1831 1845 1765 2029 1897 1590 1694 1752 1714
2089 2190 1606 2033 1889 1679 1878 2034 1769 1865 1841 2120 2235 2014 1765 1842 1943 1795 1957 1836 1957 1589 2259 1866 1893 2145 1723 1900 1905 1777 1959 1755 2314 1853 1929 2114 2253 1963 1780 2203 1959 1758 1831 1714 2091 2028 1839 1871 1847 1755 1775 1998 1858 2055 1795 2072 1807 1819 1832 1916 1783 1667 2165 1948 1868 1993 1736 2260 1849 2017 2246 1980 1935 1727 1796 1900 2188 1893 2046 1965 2026 1914 2034 1847 2034 1935 1792 1786 1945 2139 1778 2246 2061 2078 2230 1993 1597 1882 1862 2074
2516 2271 1922 2482 2209 2004 2289 2366 2099 2071 2190 2523 2563 2280 2137 2170 2155 2002 2396 2243 2381 1633 2482 2058 2318 2360 1888 2052 2173 2044 2282 2074 2531 2187 2402 2477 2615 2069 1997 2351 2169 2232 2191 1918 2619 2246 2037 2127 2096 2091 1998 2127 2058 2403 2363 2435 1960 2321 1935 2210 2042 2095 2523 2303 2177 2220 1971 2608 2147 2212 2394 2521 2243 2054 2236 2360 2350 2084 2384 2154 2230 2188 2253 2255 2165 2018 2014 2129 2201 2628 2211 2437 2376 2531 2485 2287 1839 2149 2315 2352
2343 2269 1957 2291 2191 1951 2046 2211 1965 1963 2101 2382 2297 2316 2045 2121 2218 2111 2312 2123 2082 1726 2352 2032 2179 2267 1794 2195 1992 2043 2137 1832 2231 1998 2248 2286 2425 2022 2058 2379 2200 2196 1906 1916 2360 2184 1954 1974 2084 1917 1809 2094 2065 2273 2252 2115 1938 2071 1837 2013 2083 2056 2170 2335 2080 2168 1933 2456 1983 2120 2331 2161 2124 1941 2179 2299 2228 2055 2115 2039 2070 2116 2208 1950 2151 2125 1918 2010 2064 2319 2134 2458 2392 2299 2340 2260 2045 2001 2032 2317
2344 2191 1716 2480 2075 1926 2056 2237 1945 1988 2057 2489 2310 2218 1950 2108 2167 2054 2207 2215 2231 1864 2408 1997 2040 2348 1845 2152 1998 2075 2190 2025 2490 1958 2202 2434 2355 1876 2068 2507 2213 2144 1947 1870 2520 2129 1988 2085 2032 1862 2034 2093 2000 2377 2196 2409 1955 2025 2029 1942 2055 2138 2233 2313 2102 2278 1875 2480 2155 2154 2365 2246 2108 2049 2015 2163 2356 2205 2265 2031 2404 2132 2077 2066 2294 2117 1963 1940 2080 2431 2015 2564 2407 2477 2310 2350 1953 1998 1980 2251
2282 2113 1914 2140 1970 1781 2064 2063 1928 2004 1960 2310 2258 2161 1982 2007 2127 1987 2181 2119 1986 1726 2143 1828 1909 2160 1928 1976 2000 2023 2003 1894 2413 1933 2090 2235 2461 1916 1974 2182 2044 1813 1923 1766 2236 2130 1912 2018 1879 1813 1771 1859 2076 2128 2083 2234 1818 2020 1821 2053 1868 2020 2230 2072 1971 2140 1819 2382 2071 2013 2279 1964 2180 1886 1969 2193 2209 2062 2040 1805 2158 1915 2002 2083 2156 2025 1801 1893 2105 2350 2027 2206 2107 2197 2358 2060 1822 1927 1981 2139
2392 2358 1857 2352 2135 1779 2163 2182 1956 2098 2010 2675 2266 2210 2042 2153 2145 2001 2183 2135 2190 1841 2229 2088 2054 2414 2028 2187 2191 2062 2164 2059 2369 2143 2276 2455 2477 1976 2171 2245 2209 2221 2036 1922 2407 2390 2066 2149 2056 1982 1706 1976 2084 2375 2227 2428 1822 2196 1977 2068 2031 1963 2379 2272 2086 2283 1988 2600 2203 2124 2421 2285 2130 2002 2077 2211 2348 2072 1986 2140 2248 2186 2043 2186 2260 2192 2111 1969 2148 2627 2083 2469 2262 2377 2449 2218 2065 2172 2174 2320
2122 2097 1654 1881 1907 1757 1734 1890 1752 1867 1620 2090 2059 1982 1661 1755 1954 1804 2043 1899 1752 1554 1951 1667 1662 1894 1702 1821 1708 1858 1872 1689 2144 1810 1810 1908 2226 1396 1807 1955 1964 1869 1636 1456 2060 1910 1709 1813 1681 1764 1492 1815 1908 2021 1928 1942 1579 1897 1619 1833 1572 1582 1963 1909 1832 1866 1701 2173 1758 1839 1853 1752 1883 1752 1749 1948 1966 1783 1772 1827 1929 1812 1872 1816 1792 1810 1692 1788 1686 2152 1832 2005 1991 1845 2066 1833 1730 1751 1661 1833
2360 2257 2117 2270 2219 1966 2281 2117 1855 2102 1997 2371 2456 2158 2087 2125 2129 1935 2171 2156 2211 1692 2346 2081 2284 2265 1826 2044 2186 1948 2134 2049 2454 1917 2334 2489 2581 2095 1944 2239 2143 2013 2107 1908 2411 2183 2012 2039 2047 1886 1837 2124 2118 2418 2330 2336 1875 1950 1876 2116 2072 2044 2246 2198 1952 2219 2010 2439 2141 2075 2293 2170 2194 1955 2155 2153 2343 2056 2186 2149 2141 2122 2156 2127 2129 2142 1922 1891 2261 2613 2094 2340 2360 2435 2530 1983 1930 2190 2191 2077
2242 2268 1811 2258 2240 1722 2127 2205 2139 2246 2152 2414 2460 2227 2187 2175 2259 1979 2318 2221 2132 1925 2183 2081 2164 2441 1806 2134 2220 2181 2293 2079 2617 2036 2248 2366 2772 2155 2155 2457 2358 2011 1966 1873 2513 2052 2164 2176 2089 1939 1888 2067 2173 2345 2364 2500 1915 2010 2006 2047 2095 2059 2412 2289 2269 2257 1839 2596 1961 2138 2356 2194 2165 2009 2124 2291 2443 2105 2351 2123 2231 2049 2263 2223 2155 2105 1917 1894 2226 2473 2107 2384 2421 2177 2593 2270 2005 2210 2301 2317
2148 2087 1805 2015 1933 1637 1912 1978 1788 1943 1818 2328 2106 2062 1848 2047 2035 1792 1884 1892 2008 1534 2106 1829 1925 2332 1613 1992 2096 1853 2130 1818 2297 1826 1932 2234 2340 1935 1777 2215 2197 1739 1816 1887 2171 1876 1918 1851 1726 1745 1612 1809 1820 2141 2065 2178 1714 1836 1690 2019 1858 1872 2179 2155 1939 1938 1791 2249 1875 2024 2260 1889 1937 1618 2036 2065 2078 1956 2009 1962 1887 1778 1788 2053 2032 1780 1897 1829 1783 2233 1955 2151 2057 2071 2472 2023 1705 1879 1919 2006
2459 2404 2293 2389 2404 2087 2079 2328 2377 2145 2122 2470 2498 2302 2057 2139 2191 1984 2267 2181 2222 1888 2472 2143 2288 2569 1979 2233 2047 2083 2311 2081 2629 2157 2129 2288 2566 1978 2171 2358 2311 2223 2094 1896 2540 2274 2116 2127 2074 2113 1821 2247 2143 2412 2374 2443 2026 2297 1892 2067 2140 2124 2612 2376 2291 2222 2086 2727 2139 2237 2519 2401 2221 2139 2169 2335 2439 2267 2253 2045 2173 2074 2246 2239 2284 2050 1951 2075 2332 2535 2101 2565 2584 2328 2471 2271 1877 2035 2057 2251
2434 2343 2083 2478 2213 2047 2319 2288 2162 2093 2153 2689 2450 2193 2111 2141 2266 2141 2277 2517 2407 2006 2473 2238 2177 2455 1861 2317 2411 2147 2466 2232 2655 2077 2383 2457 2780 2140 2238 2529 2381 2115 2093 1993 2615 2321 2029 2268 2149 2135 2155 2197 2280 2669 2513 2522 1957 2049 2067 2102 2203 2108 2344 2438 2115 2429 1896 2718 2198 2415 2448 2308 2227 1962 2258 2309 2610 2239 2341 2257 2427 2197 2156 2317 2293 2319 2090 2118 2246 2633 2217 2557 2528 2455 2772 2509 2061 2354 2339 2261
2172 2033 1719 2185 1878 1702 1924 1945 1769 1872 1879 2149 2081 2021 1698 1953 1968 1876 1950 1988 1949 1513 2199 1888 1849 2231 1698 1924 1922 1866 1951 1741 2246 1877 2163 2069 2188 1745 1939 2266 2137 1962 1799 1861 2241 1919 1820 1951 1615 1869 1727 1926 1853 2235 2022 2255 1685 1909 1776 1829 1805 1994 2075 2037 1804 1935 1853 2278 1942 1944 2207 1907 2106 1970 1784 1948 2119 1948 1900 1856 2054 1873 1850 1828 2130 1990 1850 1887 1780 2248 1915 2345 2029 2118 2369 1992 1709 1928 1871 2151
2140 2173 2170 2245 2044 1795 2052 2130 1945 1961 1924 2492 2331 2093 2019 2151 2108 2007 2241 2079 2070 1874 2317 1991 2124 2310 1961 2024 2026 1896 1967 1891 2420 2111 2056 2197 2691 1884 1945 2286 2252 2118 1922 1696 2353 2197 2099 1963 1807 2024 1765 1994 2089 2309 2219 2316 1983 2014 1976 1890 2047 2018 2395 2135 2082 2252 1988 2504 2247 2117 2298 2184 2132 1964 1902 2213 2311 2119 2139 1980 2165 1926 2125 2074 2189 2159 1920 2081 2023 2425 2010 2343 2319 2326 2380 2147 2019 2039 2120 2002
1965 1860 1751 2053 1943 1634 1717 1855 1708 1790 1775 2080 2027 1888 1829 1953 1874 1671 1898 1860 1678 1512 2044 1847 1875 2059 1731 1888 1795 1691 1801 1591 2065 1854 1645 2026 2075 1666 1905 2057 1946 1918 1591 1676 2100 1753 1793 1758 1637 1801 1614 1788 1722 1940 2006 1959 1686 1892 1576 1770 1710 1821 2174 2083 1795 1823 1756 2274 1855 1821 2173 1820 1804 1833 1830 1796 2097 1875 1911 1787 1837 1826 1827 1852 1908 1764 1631 1600 1858 2338 1795 2112 2109 1934 2182 1875 1664 1792 1748 1868
2159 2175 1966 2337 2114 1940 2052 2256 1946 1967 2161 2538 2342 2118 1923 2319 1991 1844 2195 1923 2201 1795 2449 1971 2046 2318 1820 2073 2033 2051 2136 1886 2541 2100 2087 2194 2505 1911 2103 2204 2090 2117 1990 1906 2292 2032 1985 2084 2031 2061 1825 1986 2096 2228 2265 2273 1998 2176 2036 2030 2021 1953 2231 2192 2087 2061 1923 2468 2070 2138 2373 2145 2148 2109 1962 2176 2222 1906 2164 2103 2257 2051 2233 2118 2271 2058 1917 2080 2080 2335 1869 2433 2283 2305 2273 2146 1935 2053 2099 1991
2314 2255 1936 2344 2155 1911 2117 2224 1856 2170 2022 2538 2414 2336 2176 1997 2239 2014 2245 2090 2348 1840 2376 2033 2245 2327 1923 2222 2204 2108 2180 1873 2408 1889 2304 2428 2687 1943 2119 2245 2289 2125 1954 1895 2503 2145 1978 1862 1966 1951 1686 2115 2019 2275 2215 2294 1971 2057 1959 2047 2205 2011 2354 2371 2016 2295 1961 2439 2109 2227 2463 2272 2191 2196 2183 2292 2355 2020 2384 2261 2290 1981 2090 2134 2178 1897 1924 1894 2085 2440 2073 2518 2405 2452 2556 2191 1998 2068 2099 2071
2151 2312 1959 2355 2174 2021 2102 2161 1989 1926 1992 2440 2301 2085 1874 2057 2245 1926 2228 2065 2027 1892 2229 2115 2127 2237 1806 1963 2086 2080 2052 2142 2447 2047 2216 2331 2609 1920 2116 2297 2271 2031 2036 1749 2448 2044 1866 2191 1974 2028 1858 2013 2115 2350 2227 2314 2039 1934 1839 2072 1967 1874 2230 2187 2160 2282 1767 2584 2118 2205 2272 2024 2108 1845 2056 2155 2373 2048 2081 1970 2327 1968 2124 2071 2174 2137 2010 2003 2066 2541 1945 2492 2438 2145 2391 2171 1960 2029 2224 2103
2030 2235 1855 2336 1915 1830 1849 2064 1846 1824 1935 2415 2147 2097 1868 2043 2034 1963 2185 1884 2007 1757 2176 1902 1842 2149 1793 1962 1929 1934 2022 1961 2309 1977 2046 2150 2225 1639 1807 2202 2112 1997 1887 1897 2379 1933 1939 1966 1857 1958 1745 1800 1897 2193 2172 2274 1723 1893 1876 1781 2017 1920 2153 2210 1839 1973 1873 2222 1833 1978 2035 1966 1976 1804 1921 2006 2176 1998 1944 1988 2200 1747 1916 2017 1936 1947 1786 1772 2003 2333 1900 2376 2307 2241 2221 2276 1877 2057 1905 1973
2248 2317 1978 2287 1992 1908 2087 2193 2040 1968 1977 2446 2229 2088 1985 1973 2133 2032 2206 2113 1994 1809 2133 1848 2109 2169 1874 2233 1972 2024 2218 1847 2445 2006 2138 2210 2425 1929 2077 2335 2046 1990 2026 1827 2405 2235 1899 2098 1905 1996 1859 2001 1889 2233 2208 2288 1827 1902 1865 1867 1978 2049 2242 2168 2063 2187 1816 2319 2042 2279 2183 2111 2091 1924 1909 2158 2364 2016 2032 1875 2242 2077 2146 2187 2125 2047 1956 1784 2120 2285 2048 2322 2225 2353 2464 2183 1816 2054 1969 2098
2198 1934 1903 2139 2012 1791 1991 1980 1880 1906 1987 2145 2094 2169 1793 2020 2010 1757 1995 2011 1989 1571 2075 1910 1908 2207 1853 1915 1948 1850 2187 1871 2151 1916 2087 2091 2253 1907 1896 2281 2056 1940 1841 1730 2102 2021 1894 1815 1988 1785 1730 1925 1831 2090 2069 2098 1807 1862 1765 1943 1763 1990 2122 2137 1831 2052 1801 2307 1801 1951 2121 2031 2002 1802 1950 2142 2221 1924 1994 1979 2136 1957 2020 1802 1896 1894 1865 1815 2023 2217 1925 2282 2087 2243 2373 2060 1770 2055 1861 2090
1800 1925 1709 2026 1649 1519 1692 1940 1742 1678 1700 2054 1978 1824 1581 1795 1794 1647 1850 1727 1825 1400 2074 1692 1891 2054 1515 1749 1784 1683 1919 1759 2094 1725 1704 1967 2073 1721 1614 1981 1812 1750 1686 1585 2093 1907 1783 1709 1612 1625 1621 1707 1544 1965 2071 2035 1573 1738 1530 1686 1740 1708 1947 1824 1846 1895 1592 2099 1779 1884 1767 1739 1834 1566 1738 1788 2024 1764 1654 1637 1811 1801 1696 1865 1776 1625 1671 1546 1764 2087 1762 2042 1940 1943 2029 1978 1528 1860 1703 1822
2395 2508 2084 2412 2236 1955 2048 2197 2209 2120 2250 2539 2393 2363 2228 2125 2239 2002 2236 2052 2161 1963 2229 2053 2078 2352 1963 2182 2155 2227 2297 2051 2630 2259 2470 2480 2597 2165 2211 2234 2344 1998 2042 1811 2316 2163 2178 2114 2169 1932 1758 2123 2185 2287 2238 2343 2030 2086 1977 2201 1983 2138 2392 2371 2182 2321 1810 2810 2127 2352 2393 2118 2288 2056 2081 2249 2383 2078 2114 1976 2413 2161 2198 2104 2272 2061 2163 2195 2206 2488 1915 2612 2431 2254 2535 2312 1848 1983 2466 2253
2130 2239 2064 2128 2020 1866 2052 2048 1876 1818 1931 2238 2191 2070 2050 1925 2000 1916 2033 2058 2042 1779 2183 1805 1952 2176 1774 2130 1975 2007 2086 1863 2393 1841 2113 2441 2302 1974 1955 2085 2109 1853 1877 1733 2164 2117 1834 1838 2058 1801 1686 1959 2024 2094 2037 2212 1843 1755 1846 2009 1931 1935 2282 2150 1977 2126 1794 2394 1978 2138 2161 1997 2071 1885 2008 2209 2377 1956 2087 1992 2289 1915 2070 1971 1976 1960 1834 1835 2163 2370 1766 2404 2234 2298 2369 2216 1789 1878 2122 1963
2210 2303 2118 2311 2247 2044 2050 2254 1917 1940 2004 2437 2378 2198 1825 2162 2067 1943 2228 2226 2108 1806 2438 2065 2204 2348 1991 2175 1901 1969 2186 2131 2338 1892 2114 2249 2650 1898 2081 2311 2225 1975 1883 1863 2331 2201 1983 2026 1957 1975 1849 2050 2038 2291 2332 2295 2013 2049 1960 2108 2048 1967 2350 2167 2139 2130 2012 2677 2069 2167 2343 2207 2213 1864 2083 2134 2276 2054 2149 2149 2320 2125 2043 2161 2091 2016 1929 1949 2091 2518 1926 2326 2374 2298 2229 2246 2062 2026 2085 2063
2077 2033 1620 2001 1755 1540 1844 1870 1495 1743 1747 2063 2089 1791 1777 1746 2047 1647 1897 1888 1925 1478 2113 1665 1829 2041 1686 1825 1930 1854 2001 1593 1969 1827 1709 2065 2004 1579 1680 1921 2045 1701 1703 1563 2070 1812 1685 1659 1668 1660 1539 1815 1795 1891 1931 1971 1565 1807 1650 1806 1806 1625 1903 1973 1782 1950 1805 2065 1795 1977 2081 1722 1802 1761 1785 1797 2002 1872 1964 1710 1911 1901 1789 1851 1916 1918 1551 1538 1661 2152 1798 2047 1963 2021 2108 1882 1671 1705 1622 1885
2228 2213 1941 2130 2147 1959 2166 2174 1830 2080 1901 2486 2332 2126 2036 2015 2027 1949 2067 2097 2139 1694 2363 1936 1992 2310 1880 2031 2147 2078 2114 1930 2356 1774 2253 2313 2596 2034 2029 2313 2140 2012 1971 1940 2470 2089 2017 2056 1823 1995 1799 2035 2099 2283 2164 2242 1914 1918 1867 2054 2091 2015 2282 2170 1957 2292 1867 2444 2123 2158 2346 2032 2145 1925 1931 2135 2374 2085 2150 2066 2083 1992 1989 2058 2209 2011 1914 1865 1999 2326 2090 2458 2384 2270 2523 2164 1854 2141 2087 2082
2231 2255 2102 2465 2181 1859 2118 2324 2048 2096 2231 2601 2371 2284 2268 1997 2128 2000 2267 2095 2304 1892 2443 1956 2166 2198 1983 2187 2241 2175 2120 2000 2597 2050 2212 2390 2522 2048 2093 2310 2217 2144 2095 1853 2489 2293 2164 2028 2160 1977 1795 1967 2126 2365 2307 2343 2088 2203 1903 2050 2177 2039 2265 2382 2189 2355 2033 2626 2246 2326 2430 2243 2177 2125 2276 2297 2476 2068 2152 1924 2356 2173 2274 2193 2154 1937 2026 1874 2346 2554 2094 2561 2519 2448 2420 2210 1963 2149 2285 2073
2282 2183 2055 2132 1950 1880 2084 2144 1897 1960 2034 2346 2365 2267 2055 2045 2242 1881 2275 2065 2035 1616 2245 1841 2054 2170 1863 2039 2215 2120 2186 1965 2469 1973 2292 2301 2435 2101 2112 2326 2153 2011 1812 1882 2227 2041 1922 2075 2052 1752 1801 1940 2254 2192 2296 2333 1979 1900 2015 2009 1959 2079 2087 2120 1915 2141 1764 2362 1994 2233 2252 2080 2053 1965 1887 2219 2119 2039 2074 2118 2295 2000 2196 1958 2053 2090 1915 1946 2120 2361 1977 2348 2320 2372 2487 2193 1791 2036 2146 2064
2183 2194 1863 2340 1970 1960 2074 2051 1904 1894 1941 2460 2285 2012 1866 1849 2042 1901 2104 2096 2027 1627 2321 1884 1922 2229 1817 2071 1969 1957 2023 1936 2372 1922 2049 2367 2307 1766 1937 2148 2117 1946 2058 1749 2383 2052 2032 1866 1826 2144 1865 1956 2082 2503 2239 2296 1794 1825 1925 1893 2028 1880 2289 2198 1919 2231 1959 2351 2020 1967 2198 2224 2208 1809 2068 2041 2434 2115 2036 1922 2241 2012 1874 2090 2116 2087 1892 1876 2040 2332 2046 2371 2271 2261 2344 1992 1903 1987 2128 2178
2423 2231 1990 2396 2193 2015 2083 2118 2092 2146 2088 2372 2333 2325 1938 2020 2126 1915 2052 2158 2250 1757 2374 2130 2082 2374 1984 2110 1945 2031 2323 1883 2359 1964 2368 2284 2489 1893 2022 2278 2356 1992 2101 1775 2393 2108 2052 2051 2019 2033 1929 2146 2069 2365 2191 2214 1783 1894 1868 2074 2009 2019 2309 2061 2015 2306 1936 2544 2018 2062 2283 2150 2202 1996 2012 2081 2253 1992 2226 2017 2225 2055 2134 2007 1999 2083 1877 1932 2047 2515 2069 2432 2314 2265 2514 2263 1806 1988 1966 2220
2154 1950 1754 2271 2074 1774 1853 1985 1931 1893 1924 2357 2197 2137 2024 1921 2048 1850 2113 2196 2057 1751 2217 1887 2023 2276 1693 1947 1992 1994 1945 1806 2211 1857 2167 2195 2316 1659 1935 2014 1992 1986 1887 1636 2273 2041 1982 1940 1775 1977 1741 2001 1932 2241 2088 2318 1912 1898 1664 1811 1862 1804 2188 2284 1920 2065 1750 2408 2020 1975 2030 2019 2093 1979 1962 2118 2128 1997 1972 1793 1987 2026 1990 1933 2038 1934 1716 1890 2088 2284 1830 2200 2073 2150 2259 2040 1778 1884 1969 2175
2077 2087 1789 2103 1960 1862 1877 1933 1819 1690 1916 2150 1925 1951 1614 1893 1895 1783 2020 1809 1760 1600 1966 1694 1949 2096 1801 1986 1692 1899 1928 1720 2125 1822 1862 2034 2407 1627 1974 2098 2015 1849 1752 1680 2142 1811 1714 1749 1809 1958 1666 1794 1836 2002 1907 2033 1821 1994 1591 1940 1747 1911 2112 1948 1750 1878 1610 2335 1883 1935 2071 1988 1942 1790 1829 2176 2062 1833 2059 2020 2147 1775 1807 1818 1851 1893 1793 1672 1869 2147 1899 2223 1928 2014 2256 2075 1617 1806 1960 1877
2155 2346 1793 2267 2107 1813 2021 2112 2101 1972 2066 2417 2180 2133 2101 2028 2128 1871 2124 2068 2019 1861 2213 1985 2105 2176 1768 2066 2060 1959 2116 1972 2524 2018 2168 2275 2352 1906 1849 2198 2096 2011 2003 1819 2466 2025 1953 2038 1974 1935 1810 1830 1993 2287 2183 2162 1974 2007 1795 1995 1896 2003 2310 2246 1971 2160 1744 2497 2127 2342 2245 2129 1997 1904 1951 2109 2255 2000 2049 2012 2307 2007 2185 2120 2004 1872 1912 1884 2066 2428 1864 2388 2297 2110 2386 2219 1770 1947 2175 1952
2191 2090 1948 1960 2020 1840 1864 1951 1974 1948 1936 2337 2205 2078 1805 1989 1863 1848 2140 2107 1947 1701 2096 1796 1919 2192 1931 1946 1926 1838 2124 1832 2370 1773 2026 2152 2535 2057 2107 2338 2040 1881 1854 1711 2177 1861 2112 1968 1911 1789 1703 1926 2030 2115 2104 2142 1883 1887 1851 1985 1838 1844 2251 2012 1977 2095 1758 2520 1715 1937 2235 2058 1974 1704 1974 2199 2214 1982 2036 2001 2040 1764 2063 2098 2088 1865 1664 1766 1954 2154 1967 2285 2193 2135 2326 2112 1980 2124 1916 1972
2297 2123 2055 2288 2159 1858 1869 2072 1940 1999 2000 2237 2173 2200 1978 2157 2068 1928 2152 1982 2050 1811 2183 1966 1969 2317 1776 2004 1806 2014 2237 1779 2337 1958 2129 2084 2320 1732 1984 2328 2133 2009 1936 1844 2272 1918 2032 1897 2047 1955 1771 1965 1893 2123 2112 2245 1769 1960 1805 1999 1819 1990 2130 2071 1933 1943 1974 2320 1918 1965 2213 2044 2003 2089 1992 2200 2091 1975 2015 1995 2187 1979 1997 1916 2011 2029 1872 1730 2068 2297 2078 2389 2212 2229 2401 2109 1833 2000 1938 2000
2244 2183 2029 2250 2217 2019 2161 2190 1873 2032 2034 2437 2412 2232 2083 2017 2094 1963 2202 2224 2133 1848 2377 1998 2110 2373 1849 2189 2036 2058 2035 1838 2434 1951 2101 2287 2464 1800 2030 2247 2195 1951 1961 1800 2282 2187 2038 2047 1935 2062 1824 2126 2073 2320 2163 2248 1926 2166 1813 2106 2147 2086 2217 2191 2026 2078 1912 2386 2190 2079 2147 2021 2226 1993 1996 2270 2235 1971 2185 2165 2207 2016 2123 2119 1965 2070 1933 1985 2184 2455 2011 2159 2312 2298 2341 2198 1974 1984 1978 2031
2070 2116 1886 2197 1999 1836 1951 2048 1824 1876 1861 2219 2066 2027 1835 2204 2005 1825 1925 1890 2012 1632 2310 1774 2079 2109 1814 1919 1921 1884 2009 1806 2270 1861 2081 2121 2270 1820 1998 2199 2177 1911 1714 1845 2158 1924 1858 1931 1854 1874 1756 1945 2055 2207 2099 1978 1848 1864 1858 1886 1906 1986 2209 2131 1916 2002 1745 2335 1932 2002 2209 1996 1924 2030 1991 1945 2131 2045 2149 1859 2009 1781 1976 2045 2073 1838 1770 1836 1833 2290 1921 2301 2269 2147 2257 2013 1799 1931 1955 1939
2203 2203 1793 2220 2049 1828 2003 1990 1987 1929 1980 2204 2325 2075 2042 1904 2075 1841 2162 1993 2139 1712 2215 1953 1952 2138 1842 2079 1949 1937 2060 2135 2419 1894 2215 2188 2407 1923 1941 2376 2095 1923 1925 1738 2238 1913 1914 2096 1975 1834 1780 1858 1979 2284 2146 2208 1913 1973 1880 1903 1998 1949 2252 2073 1861 2096 1827 2364 1977 2056 2081 2113 1948 1833 1897 2180 2256 1871 2177 1928 2246 1971 1999 1979 1826 1984 1903 1836 1991 2423 1860 2308 2295 2253 2429 2163 1716 2131 1950 2117
2566 2368 2263 2430 2404 2146 2277 2244 2071 2079 2173 2530 2588 2466 2186 2268 2245 2251 2446 2127 2381 1942 2410 1946 2211 2467 1949 2294 2152 2136 2204 1947 2523 2088 2402 2501 2779 2100 2191 2493 2344 2293 2158 2049 2684 2156 2226 2107 2189 2174 1944 2369 2189 2563 2423 2428 2149 2227 2124 2294 2227 2442 2494 2437 2203 2519 2041 2549 2295 2294 2561 2417 2234 2233 2193 2406 2562 2255 2525 2296 2441 2222 2344 2198 2371 2126 2175 2041 2341 2460 2254 2602 2525 2524 2696 2459 2061 2221 2310 2265
2388 2019 1936 2177 2226 1953 1978 1994 1837 1905 1818 2305 2298 1999 1901 2004 2028 1867 2168 2118 2084 1752 2237 1954 1855 2255 1723 1810 1869 1979 2093 1896 2362 1710 2154 2193 2461 1870 1831 2163 2106 1985 1861 1692 2419 2012 2050 1970 2055 1988 1850 2010 2095 2248 2153 2262 1682 1874 1998 2047 1908 2018 2144 2169 1925 2068 1961 2312 1936 1909 2270 2144 1901 1849 1801 2057 2195 2065 2199 1999 2236 2009 1990 2097 2024 2106 1839 1741 2138 2345 1997 2264 2196 2180 2325 2057 1743 1893 2057 2146
1960 1969 1619 1766 1796 1608 1865 1888 1819 1857 1720 2091 2060 1914 1782 1569 1884 1534 1745 1871 1800 1511 2047 1737 1814 2042 1488 1885 1852 1724 1890 1654 2070 1626 1958 2031 1937 1805 1650 1896 1788 1771 1723 1672 1989 1846 1689 1853 1720 1815 1518 1682 1898 1971 1852 1902 1665 1716 1768 1794 1669 1572 2026 1795 1720 1885 1628 2066 1792 1894 2031 1898 1958 1755 1697 1879 2011 1837 1799 1679 1967 1713 1878 1746 1767 1674 1704 1765 1832 2003 1593 2180 2007 1905 2149 1855 1506 1653 1846 1836
2430 2292 1876 2209 2097 1897 2147 2135 1902 2145 1942 2268 2336 2164 2055 1880 2299 1844 2143 2059 2028 1670 2283 2020 2072 2327 1813 2154 2188 1942 2150 1983 2386 1913 2267 2474 2301 1961 1946 2269 2220 1972 1992 1874 2330 2063 2030 2116 1925 1866 1800 2147 2087 2297 2083 2170 1924 1986 2046 2140 2014 2052 2304 2223 2041 2250 1902 2424 2144 2126 2313 2048 2091 1921 1970 2154 2397 2138 2184 1833 2182 2089 2176 2112 1970 2196 1855 1902 2222 2314 2046 2328 2254 2233 2483 2071 1734 2014 2005 2244
2252 2565 2137 2330 2169 2052 2202 2311 2096 2100 2118 2435 2366 2339 2042 2068 2282 2065 2261 2143 2103 1925 2314 2011 2113 2432 1833 2234 2071 2272 2250 2173 2600 2063 2271 2392 2555 2056 2081 2370 2450 2048 2071 1950 2443 2239 2084 2166 2115 2032 1923 2117 2199 2535 2259 2351 1953 2125 1966 2156 2029 2097 2336 2313 2250 2296 1987 2611 2109 2190 2431 2248 2252 2077 2223 2308 2387 2221 2025 2132 2376 2121 2291 2164 2351 2167 2095 2023 2262 2534 2020 2522 2472 2214 2427 2254 1887 1995 2087 2237
2268 2215 1795 2184 2032 1891 2008 1960 1883 1870 2036 2355 2176 2017 1902 1974 2058 1971 1994 2067 1972 1716 2263 1985 1887 2149 1885 2004 2012 1795 2059 1943 2304 1834 2125 2192 2306 1740 1961 2286 2052 1997 2022 1711 2413 2059 1845 1913 1991 1924 1703 2020 2093 2239 2041 2259 1786 1954 1833 1942 1917 1894 2104 2144 2023 2300 1839 2403 1944 2018 2175 2029 2020 1791 1911 2054 2309 2031 2184 1903 2282 1975 2093 2054 2030 1982 1861 1951 2033 2291 1936 2406 2292 2096 2234 2140 1842 2059 1985 2035
2496 2351 1988 2342 2146 1846 2041 1990 1944 2047 1988 2545 2189 2173 2066 1971 2347 2116 2130 2363 2046 1721 2416 1899 2006 2333 1969 2155 2220 1989 2104 2029 2424 1972 2267 2256 2602 1835 2004 2213 2235 2068 1893 1807 2441 2288 1927 2019 2069 1865 1945 1969 2095 2324 2149 2187 2015 1895 1843 2069 2125 1899 2214 2206 2141 2277 1916 2479 2095 2266 2232 2070 2118 2005 2040 2289 2344 2062 2349 2045 2281 2068 2247 2174 2117 2058 2025 1727 2165 2401 2081 2536 2291 2389 2534 2325 1878 1959 2037 2181
2179 2212 2142 2340 2165 2022 2201 2255 2082 2030 2115 2597 2321 2289 2162 2158 2084 1971 2123 2218 2115 2048 2440 2028 2211 2386 1833 2183 2176 2172 2202 2157 2594 2053 2296 2358 2640 1986 2205 2308 2450 2065 1981 1801 2430 2214 2237 2070 2087 1976 1940 2151 2100 2278 2303 2350 2133 2218 2017 1980 2154 2156 2374 2459 2076 2342 1888 2661 2181 2313 2484 2130 2073 2135 2058 2334 2438 2350 2103 2073 2178 2121 2129 2104 2204 2172 1900 2015 2101 2596 2093 2579 2288 2501 2448 2263 2046 1956 2079 2170
1983 2014 1756 2032 1763 1746 1759 1868 1771 1784 1765 2242 2030 1787 1795 1909 1885 1611 1904 1932 1742 1501 2130 1736 2032 1964 1566 1865 1907 1814 1901 1884 2305 1712 1953 2042 2200 1741 1773 2132 1960 1609 1837 1696 2125 1735 1788 1928 1603 1721 1536 1752 1896 2008 1856 2122 1709 1838 1736 1770 1834 1744 1975 2054 1974 1992 1642 2306 1833 1901 1912 1933 1822 1797 1696 1946 2085 1874 1929 1919 2064 1768 1714 1981 1971 1879 1830 1757 1888 2230 1921 2111 2074 1985 2195 1998 1662 1911 1810 2007
2260 2245 1969 2179 2095 1948 2063 2132 1936 1870 1935 2441 2147 2130 1981 1835 2032 1983 2189 2016 2148 1821 2254 2012 1908 2058 1864 2030 1981 2019 2071 1711 2260 1728 2163 2081 2480 1900 1978 2298 2084 2036 1915 1790 2391 2039 1927 1864 2018 2030 1780 1905 1978 2224 2171 2214 1710 1940 1714 1858 1972 1895 2237 1985 1962 2048 1831 2416 1968 2069 2249 2168 2179 1786 2015 2298 2122 2095 1982 1996 2328 1856 1858 1928 2038 1863 2026 1898 1963 2235 1892 2308 2251 2224 2494 2154 1801 1954 2009 2033
2116 2152 1955 2135 2050 1749 2100 2084 1935 1872 1818 2261 2145 2146 1962 2209 2054 2049 2058 2000 2096 1643 2385 1940 2057 2226 1926 2198 1962 1931 2107 1878 2405 1808 2146 2061 2377 1923 1980 2181 2181 1825 2038 1691 2330 2199 1756 1926 1923 1814 1704 1822 2130 2370 2216 2395 1936 1880 1759 1939 1942 1904 2169 2187 1919 2080 1812 2244 1988 2198 2264 2059 2110 1847 2014 2131 2134 1929 2150 1986 2154 1984 2118 2109 2088 1951 1883 1846 2059 2337 1965 2239 2320 2202 2433 2155 1693 2026 2030 2020
2068 2200 1905 2152 1970 1732 1996 2006 1769 1832 1968 2328 1934 1831 1924 1865 1905 1888 1860 2033 1891 1579 2182 1720 1877 2168 1717 2020 1943 1969 2067 1780 2148 1806 2019 2054 2327 1772 1884 2123 2073 1691 1736 1802 2157 1910 1818 1750 1866 1886 1612 1733 1828 2164 1936 2015 1882 1794 1571 1855 1778 1684 2135 1970 1958 1921 1734 2296 1815 2000 2100 1974 2056 1795 2014 2080 2140 1859 1940 1953 2083 1803 1854 1981 1899 1839 1784 1742 1895 2208 1813 2296 2277 2087 2340 2004 1735 1926 1979 1843
2283 2087 1799 2116 2102 1968 1754 1897 1813 1855 1782 2201 2187 2009 1949 2049 2074 1928 2141 2124 1961 1773 2193 1783 1914 2075 1909 1944 1925 1899 2070 1856 2190 1776 2012 2210 2313 1757 1962 2213 2025 1735 1829 1758 2164 1783 1923 1949 1913 1972 1749 2043 1934 1993 1954 2003 1815 1818 1754 1964 1807 1942 2075 2113 1842 2071 1726 2300 1832 1823 1911 1784 1927 1823 1952 2035 2196 2014 2083 1984 2158 1811 2080 1867 1918 1899 1739 1702 1940 2251 1960 2298 2237 2216 2250 2106 1767 2041 1918 1997
2011 1908 1730 1947 1916 1618 1791 1901 1633 1888 1917 2100 2032 1816 1922 1802 1783 1819 1985 1897 1883 1633 2004 1761 1846 2091 1638 1838 1870 1771 1937 1693 1943 1817 1873 2142 2179 1757 1741 1979 2049 1760 1829 1662 2015 1705 1815 1898 1753 1739 1586 1608 1829 2097 2010 1933 1608 1871 1719 1986 1764 1741 1935 2015 1929 1915 1719 2313 1823 1717 2070 1901 1885 1665 1958 1934 2039 1741 1997 1643 2017 1903 1903 1916 1863 1765 1735 1635 1873 2241 1924 2091 2289 2040 2047 1967 1671 1779 1977 1866
2124 2086 1714 2074 1869 1836 1778 1898 1750 1760 1750 2326 2075 2111 1606 1887 1863 1855 1869 1835 2079 1573 2236 1732 1794 1968 1729 1846 1942 1784 1798 1643 2293 1697 2013 2090 2145 1759 1989 2000 1901 1913 1914 1792 2113 1813 1796 1799 1915 1715 1799 1776 1961 2065 1984 2061 1878 1707 1747 1832 1889 1902 2019 1969 1833 2149 1799 2063 1906 1885 2004 1800 1991 1613 1860 2002 2082 1884 1847 1876 1986 1751 1922 1975 2034 1893 1683 1647 1943 2044 1757 2162 1942 2145 2197 1965 1693 1974 1819 1819
1907 2102 1722 2050 1892 1616 1881 2025 1889 1817 1994 2388 2099 2089 1855 1901 1946 1872 2072 1733 1863 1544 2068 1773 1897 2081 1689 1957 1795 2004 1968 1937 2327 1955 1988 2219 2313 1757 1988 2188 2024 1898 1752 1704 2124 1997 1963 1827 1814 1680 1572 1766 1873 2212 2159 2101 1935 1952 1795 1806 1814 1805 2060 2189 1964 1978 1785 2255 1859 2074 2064 2080 1998 1762 1864 2126 2160 1869 1913 1951 2013 1983 1860 1932 1907 1884 1852 1910 1853 2175 1775 2238 2138 2075 2224 1974 1859 1899 1766 1892
2108 1988 1862 2044 1987 1791 2130 1846 1894 1744 1882 2331 2185 1980 1991 1920 1888 1788 1975 1993 1967 1584 2180 1795 1932 2101 1540 1872 1888 1840 2136 1764 2207 1776 2005 2090 2297 1711 1884 2016 2020 1936 1773 1641 2226 1860 1949 1994 1747 1801 1627 1880 1855 2247 2080 2139 1830 1871 1656 1817 1845 1801 2026 2071 1965 2036 1810 2340 1814 1932 2093 1956 1967 1856 1890 2129 2126 1882 1884 1823 1944 1971 1986 1785 2059 1821 1827 1884 1845 2198 1782 2165 2185 2172 2250 1941 1794 1799 1883 1916
2026 1906 1760 1876 1671 1707 1763 1777 1819 1836 1704 2063 1961 2021 1719 1779 2003 1648 1839 1810 1779 1462 1808 1661 1768 1876 1588 1695 1866 1701 1778 1729 2042 1688 2128 2005 2098 1788 1785 1817 1748 1810 1627 1706 1993 1824 1719 1768 1706 1703 1551 1815 1740 1989 1886 1926 1681 1538 1660 1888 1723 1803 1990 1984 1600 1967 1590 2171 1825 1874 1917 1754 1924 1746 1769 1695 2015 1715 1796 1725 1888 1857 1900 1609 1839 1688 1735 1736 1781 2107 1720 2115 1850 1904 2220 2026 1628 1837 1998 2119
2081 2149 1839 2187 2087 1850 1975 2131 1924 1936 1980 2371 2182 2042 1962 1894 2107 1798 2132 1941 2116 1702 2343 1866 2058 2207 1621 2020 2058 2089 2123 1765 2357 1847 2189 2148 2368 1996 1912 2356 2162 1927 1898 1697 2203 1770 1945 1851 1885 1824 1784 1899 1828 2306 2218 2130 1878 2028 1643 1925 1975 1966 2134 2082 2022 2021 1747 2390 1899 2038 2131 2047 2055 1961 2044 2247 2267 1893 1936 1989 2192 1888 1958 2067 1891 1800 1865 1790 2032 2370 2024 2219 2355 2150 2456 2020 1698 2073 1974 1950
2448 2277 1876 2493 2236 2118 2174 2109 2026 2033 2047 2331 2398 2437 2046 2145 2105 1968 2052 2312 2216 1777 2325 2028 2128 2376 1908 2040 2224 2087 2162 2067 2359 1974 2301 2420 2588 2026 1920 2401 2417 2084 2120 1827 2492 2145 1955 2138 2041 1966 1875 2059 2080 2424 2249 2361 1984 2141 1829 2167 2076 2066 2443 2331 1903 2302 1901 2611 2154 2130 2470 2107 2286 1995 2249 2180 2327 2044 2046 2076 2299 2044 2099 1998 2297 2035 1899 1926 2092 2626 2037 2461 2309 2295 2373 2235 1857 2126 2177 2319
