--------------------------------
71244 76290 58999 85927 85844 64921 76277 90309 78270 80252 79524 82878 74411 74292 81414 60972 69230 78716 61228 77992 59452 77450 76800 73623 82841 73565 75202 76762 76735 83893
73838 79806 60528 83431 86381 68805 76543 83618 73500 83915 75330 77023 72181 74046 78244 57969 71111 71009 63574 68384 59999 82295 73203 65012 70290 78914 70741 80991 77492 83448
64463 77308 63017 88222 85700 66203 75531 80641 71113 74451 74563 63691 61830 79867 77724 54287 62918 67343 67474 71327 58739 72329 83847 61617 72251 78777 75274 84989 76697 78426
61475 78532 63477 76428 84003 62015 70908 84011 67814 71539 73243 71177 68589 70748 73237 51422 60214 63172 66330 67231 56847 77226 75260 60873 66945 70203 63949 72076 72692 74541
69204 75370 73386 89146 84916 71176 82365 91808 71016 79201 84469 81216 77508 77868 81256 64597 72286 82084 64474 80817 77460 76451 89163 66957 78013 86829 77559 81162 79335 78917
69444 83059 65847 84521 81994 61830 74939 96284 78857 83773 83200 81951 76473 81749 86318 60187 71057 76128 66028 67753 64975 84901 77233 62056 80829 78364 71125 79988 80209 85316
61819 64606 60024 75819 62867 63282 69286 70868 52938 64137 67318 58073 64091 57918 58216 37328 47865 66200 45355 55275 52006 66188 70787 58714 48195 63808 44084 65428 66001 58528
74488 83700 71420 86942 96137 73885 90026 92421 80805 88396 80490 83574 83373 90362 92823 66440 88154 76791 79888 75494 58303 87189 83656 68571 77419 87438 84200 87828 77877 94895
70482 84585 74538 92727 87310 69534 86242 105027 80942 81227 88255 86726 84701 91384 84752 64925 70571 84538 75646 80004 76322 87188 91544 75979 93548 85332 84000 96386 80728 91716
63990 82466 79313 96339 81682 85182 89657 102552 75442 79602 74583 79229 83792 74245 76145 53004 75786 70288 64299 77602 75725 82010 92739 71190 73674 92713 81035 80668 79339 82752
73057 92915 78399 90120 93720 74248 85412 97979 79349 88543 91215 75366 86580 87168 83310 58849 67880 79505 83228 83087 77602 87421 95535 85759 85917 78965 86418 88206 78766 81316
67543 75136 69845 88144 82435 73708 74658 81528 72243 75969 84233 68291 74799 76840 81329 52899 62819 77162 62298 77391 64612 69036 83442 58280 72031 72768 73607 72669 75610 77315
61597 71004 65129 80310 85656 67454 80983 82357 68426 72030 73277 65092 64569 77841 74902 58557 61688 67074 65599 81256 59204 80964 81882 67659 68431 72644 71500 73110 66742 76847
80459 83390 80825 99669 94651 82885 95536 101992 77895 90927 97789 84649 88706 79353 83665 73767 74916 85655 73012 84703 85811 91359 88807 70736 82319 93093 78368 93607 91430 77318
81307 88335 65922 90574 97568 69177 89087 91997 81675 90994 87259 80935 89437 82804 78769 65027 65688 81419 69499 81403 68075 90893 88328 76439 81714 77675 76457 91913 88918 88993
67009 82039 68802 90169 81253 75678 90085 84628 73414 82112 79670 66288 82666 73888 71759 54461 62841 76402 71114 68336 65610 76984 81917 68019 69097 79387 77379 86683 78329 74159
62320 70645 67138 83660 72809 61968 78525 87858 60575 64229 71318 78685 67901 67244 65814 50749 60879 66277 58501 67473 69201 75395 81147 68553 71629 77801 70151 78802 65603 75645
60753 68216 57998 80054 78124 60697 71102 76406 65626 70877 68369 64903 61827 75742 63595 57954 58356 65818 60759 68602 56421 67086 74806 51944 68170 75966 69594 76151 69338 72464
65419 70707 70328 84128 79829 74715 75565 83294 65262 74944 75613 66001 80180 76531 72863 54767 59184 70390 61020 75000 73455 70389 81356 61023 66045 77878 73062 74302 70735 72260
75824 76153 78778 92709 90198 70030 80448 88735 73145 79036 92029 76619 78736 75493 82485 62866 67110 79390 72956 82900 76717 76457 83322 67765 78456 73991 80461 88011 78181 77118
68042 69659 72744 87252 81824 73983 78893 88052 69679 76998 81932 67185 73623 74702 72969 56810 68109 67953 66584 69622 61400 73226 76362 61267 74603 75244 77494 74125 69367 74807
86402 88202 81427 96833 94411 76306 83853 98327 80157 94395 103262 85643 83632 90587 94980 69404 79273 83719 77991 82774 85275 96843 92766 68792 83193 90294 78733 95181 92068 80793
67671 76726 78158 87349 96776 69264 80982 90885 79605 76851 81341 79289 74106 77743 84410 60667 66613 76125 70126 83858 69183 83196 84640 68683 71729 77793 79516 85888 81975 88532
77906 83760 73290 90787 84250 68664 84573 98939 69353 74507 78226 81047 81700 73791 75895 58960 57991 68430 70490 82248 74364 87118 84074 74153 77370 78018 70300 91775 75081 83644
69139 72630 66750 83780 82986 61948 68644 88697 71191 79025 76633 75894 64118 68753 76187 62471 72147 59634 71326 71397 70738 71738 77729 61215 78548 80897 81059 79857 72473 75356
67239 67174 62047 84077 75213 67750 71075 76898 57512 72104 74605 68402 62222 63421 63771 52543 60343 65846 49806 62899 61078 65507 75517 54923 57831 78048 55399 68054 71630 61979
63903 73424 76321 95426 79950 81829 84361 94262 70124 72363 84591 73752 78869 73506 74297 54712 67999 69206 66252 72179 68775 77415 82442 60601 74331 85922 78806 81838 76044 75636
59087 63651 69109 81805 79702 68552 77607 82548 58534 60999 72312 63122 62848 70587 65202 57555 55617 59706 63660 73362 62362 69131 77393 57621 68498 71897 72080 71100 61429 69755
72376 83860 64103 87828 84421 78283 78462 88646 71281 86511 81685 69783 80897 76845 76693 52986 66929 70828 64915 76271 67975 81768 85837 72466 73780 82591 71717 78149 81626 72295
47766 53432 53879 60535 55828 50201 56629 65186 50450 51976 58331 58011 60671 52028 55307 37538 49926 52649 46177 52225 53689 59526 58930 48235 53971 53239 56377 64179 52793 61839
--------------------------------
65505 69393 92387 87998 70954 84504 90472 81327 71867 71147 80839 76222 92697 77980 95063 81788 71753 87502 87850 79272 88937 87597 72077 95908 86283 92211 102243 68573 77865 74336
71388 73704 87459 85846 60602 84987 86254 92122 75105 63256 77223 78146 85647 74393 87532 77185 69665 83683 80131 75487 88208 87205 68268 91603 79042 84910 96991 75430 69447 81422
51923 53218 58180 75781 52954 66083 58391 68655 53670 57493 61345 59937 71586 56036 75004 65685 52812 73665 57776 60687 66095 66295 51703 72453 71252 68684 74686 57097 50606 60274
73653 65705 77165 90034 65833 86365 80654 92014 64755 64691 80989 73071 88332 77010 90909 69367 72366 86296 83553 76571 87317 94279 69117 88819 85413 90555 102562 71984 71469 77147
88585 73442 88275 100846 61377 97181 99652 102588 75856 73400 85584 89494 93088 86160 102450 89365 82993 99000 94772 90591 91634 96205 81324 101388 80621 99804 111267 75680 69818 82397
56761 65606 78751 86833 67065 83330 76152 87144 65938 64698 80463 68675 90422 68367 89825 69562 69751 84315 84426 75303 78804 88783 71810 78345 74558 80283 89641 62603 63611 72476
63872 54034 68641 70511 53741 65205 72167 77804 49457 53964 63044 65538 77577 68321 72234 67591 55811 72691 71088 63567 70315 68635 57866 71451 70787 72633 88278 65477 60979 58015
58256 59691 62176 66248 48404 64850 60438 77110 55411 52752 58419 59508 70253 68960 72337 63541 54618 68830 65587 61173 67331 73925 57160 71730 62308 70302 77743 61653 55737 57894
77244 63641 78100 82194 71505 86868 93916 85645 67053 68640 73348 66012 92931 69683 85229 79003 87310 89744 77528 71727 78967 81134 71033 82665 78118 88369 96309 69721 66664 68990
81649 78234 87687 103157 83127 99133 108724 97352 71765 81009 94827 95707 102088 87843 99486 92433 82646 106416 101587 86731 99206 94068 82178 109221 91362 104108 112201 79586 84405 85634
74000 66365 71819 74488 58036 82677 83956 80117 63892 67603 66696 64172 90269 73308 81251 74683 73305 75117 77837 69722 77466 73357 68803 73628 68519 78082 92512 72908 70245 65762
82621 69717 68993 84314 55135 86578 84520 85575 65558 61503 65530 73753 84064 71560 87974 75581 71497 85035 76151 74420 81435 75417 67997 89610 69639 87324 88758 76514 63588 69623
65576 67389 72253 82590 51158 75302 76850 84472 59583 63131 77002 65750 78454 61379 81388 68488 72740 79723 78045 73734 76327 74706 65761 79854 61793 81944 83392 49814 61062 61806
66929 68842 77257 94698 67527 84157 79553 87776 70927 72297 84209 76479 93064 67920 88289 74032 75574 91857 81649 70942 85698 84349 71199 89110 73533 86721 96368 67264 72442 76966
80566 63298 67694 86355 68262 86298 79460 93422 67487 62348 72836 72405 81642 74653 89946 76191 72200 90047 72639 77428 77335 81952 69509 91860 74953 89127 87753 71380 61931 68357
72406 65214 80758 87979 65359 83220 85941 84853 72211 65388 72913 71433 85092 66441 89235 71537 74414 84089 85866 78630 83877 90616 71461 86413 74820 85637 94424 65970 62924 68759
68891 60125 84414 86976 66106 77559 88983 80552 63470 71688 73942 73692 91399 77997 85938 78302 72982 83076 82801 67163 84302 78528 66605 84432 78989 90885 98696 68905 74568 69222
81246 70458 79147 86743 69183 77532 94778 86162 66268 69341 77881 78451 83534 74821 86636 76701 77291 86417 81167 70349 78794 89083 71806 87160 82887 92634 94406 75507 66887 65775
82548 72491 83251 76320 61769 83415 93064 93799 65353 60131 73648 73127 85627 79948 90542 81959 74331 84692 72726 72733 83883 85056 67564 93456 90646 89995 96795 75413 70263 70178
85214 68344 80076 95757 62658 85219 88131 97872 62599 65030 83280 69896 88229 66327 99527 78820 86587 88077 75341 68207 84543 81526 73940 83749 78725 95487 98033 72171 70724 67304
84887 72466 80133 87635 71045 83106 94212 96446 65705 68150 81672 73431 92003 69837 91015 83207 82812 93736 74559 67881 81185 81902 75868 84746 82610 89162 97595 74299 68571 68623
79604 81854 87886 90663 67144 91397 98764 88595 75417 75308 87373 83054 97358 86057 97489 89075 83792 98737 91682 76254 92308 95876 82687 92470 86042 96553 105988 67068 71486 80678
65143 66916 74471 79379 61519 84193 86285 74853 64946 60983 68081 61966 86541 62593 83394 81155 69738 83256 77095 77871 80571 79043 65628 84648 71578 83174 88246 73381 69258 67661
77478 67331 84489 89733 71657 90247 93316 82103 68040 85265 90307 81987 94477 83153 86965 80324 84935 88316 88609 73320 92597 81129 76128 98953 84839 96163 111122 72861 75208 79557
80227 66415 80551 83287 63548 82798 89590 86000 68201 62742 79075 74889 82822 73020 90958 80474 75282 90832 70910 76502 74583 82226 74339 86271 80816 91207 97548 73106 67255 69824
67080 68712 89179 81787 53234 72519 82505 89597 63490 61997 75189 70372 86535 66022 84559 75385 70703 74729 76039 74314 82641 83594 64074 85615 73410 79661 91688 72876 63823 65467
61982 58007 76700 81822 65976 68697 72868 83999 60989 63748 69510 64288 86388 67341 77724 67919 66305 79684 76125 65186 73965 72986 68796 71032 65299 74500 89517 64630 62111 60293
59729 52423 73389 79732 57464 79837 78619 77152 61955 65923 69730 62683 85818 71842 85404 67316 66644 70403 78955 72111 75025 78254 62310 80845 66065 80206 89158 56244 61619 66790
76157 65520 70136 79485 54692 81874 82506 79783 68174 54646 68180 65935 78449 67266 82257 71015 77454 86138 77922 71928 72264 80537 68351 82603 64873 89588 84472 65081 59950 64123
71967 58125 78753 77337 65853 74076 76530 86324 67867 77546 73726 64968 89129 72901 86060 73336 80934 76513 78889 72676 79044 86430 68049 81792 72282 92420 95841 65498 64291 56466
--------------------------------
78064 74542 77815 75249 59882 70818 73782 77524 67533 73512 76215 74896 85591 80468 59284 65652 83383 66261 65602 79993 63253 84559 67048 84405 71142 84401 62740 63087 60459 79659
82481 82653 78589 79906 72542 86646 83440 75246 82192 72935 95393 85814 85691 88957 72436 69132 92052 78577 84536 93281 65975 92063 74726 79121 62258 100151 67717 62025 70294 80594
82902 82270 73726 73254 65175 87289 80352 80051 85454 73077 86902 78276 83334 77413 61982 68629 87952 69205 83949 92319 53935 90677 73934 88210 69883 107411 60800 55493 55082 77107
77156 80084 80197 71085 65752 82614 77900 76496 81583 76717 86737 74790 80770 70663 66819 69751 83983 65317 83744 92540 56128 82760 75532 90958 59030 105169 59286 45985 59623 75277
77747 84568 66159 63753 56502 69363 75065 75117 68369 71000 77145 76534 70460 69865 65369 62496 82369 60412 68606 77773 57208 79836 57081 75159 66236 86268 63826 58685 55224 75399
55612 62489 57830 61363 56086 65469 71600 58511 59027 63644 63640 68767 73644 62680 61235 58594 70732 53706 60937 70153 50228 70612 52105 66194 48136 78862 54982 50674 55832 63900
84681 92241 76163 69228 69248 97642 83546 77300 77398 74561 98029 83558 87994 78330 71886 78081 89138 75318 85789 98329 54734 90215 89193 94857 66190 100823 72450 62814 64435 90298
69274 76283 80680 71382 68834 76975 80945 75488 79084 72219 79007 73286 79935 73232 59278 63362 81671 63167 72434 82352 54283 79069 65010 74205 54040 93851 58659 49990 59820 83244
64958 77448 54325 61888 57195 72492 73049 60303 59621 58898 75880 65691 68320 63280 57103 56070 64131 55066 71265 72136 51493 71468 54460 61856 54979 77234 54098 42567 53251 67591
88496 79946 69402 77066 72113 75920 80262 78555 73860 75350 88632 79576 79180 82687 64127 69738 92200 70741 80682 87533 59920 86318 69746 86344 64579 96521 68012 66125 65731 82443
78402 80590 72434 69468 62650 80061 73029 71800 71346 68316 86517 76601 74329 72736 62608 70308 78586 66060 78286 85530 57319 80528 65018 83698 67651 88662 61096 54222 57553 74864
66789 70534 60063 64272 61680 79809 70689 66856 65974 65976 74073 68063 76659 64621 63052 67686 76994 61989 72208 80380 51256 83176 61762 76924 63293 92193 55719 50368 44243 66702
93280 89510 77310 74633 75370 84240 88384 81996 75655 78433 101195 88387 90560 87382 74287 76566 91333 73683 85791 93766 64869 91052 65379 79711 70787 101228 73546 68052 73816 78399
81667 85758 71031 73517 67163 78963 84107 80361 67003 81421 84377 84142 93256 77016 81737 68151 96617 66821 78395 88055 62050 96699 62877 82491 73862 106120 70215 68343 65720 75922
75188 76148 64539 59782 63274 71236 72619 73532 70582 67733 82377 77209 77596 64321 69089 64318 74850 66184 74700 79855 48696 80297 65183 79305 60817 89353 56649 58254 51155 77778
81613 90967 82918 70895 72545 83407 77540 82154 71771 70226 90364 84170 82395 77005 67893 71605 79161 78335 83246 88452 58375 90344 76123 83403 70037 91514 69378 55437 64206 92195
94071 92549 81930 83807 82998 85410 93305 91638 82502 78330 95633 90035 97909 91499 73370 80776 88933 74065 88689 100470 67489 95515 73510 85820 72296 105461 72580 63086 74349 91041
66148 81156 61882 64914 57017 80430 65070 61161 58879 64552 76071 72883 77392 72140 63608 61169 74356 55538 68873 86781 56794 86479 69411 80379 63716 84417 59564 57257 58670 77295
82045 88315 69860 67799 62873 80746 75253 80034 71535 71555 85803 81063 82627 79616 67268 64597 86463 74919 83099 93209 60069 97190 77273 83283 71973 96584 68031 59407 57839 85912
79924 85787 77195 71205 69077 85992 79275 76015 73243 75967 87315 77173 77808 77302 63819 75838 82160 67414 79639 86407 55171 84733 67132 91597 71502 94617 71984 61406 63837 78816
78328 70745 62966 65432 63346 73309 74986 68486 62973 66429 84311 65846 78420 68011 62017 66709 74676 60589 76643 83332 52865 79450 63966 79645 59316 83033 58574 53229 61476 68637
89629 103555 87038 85146 75569 89362 91474 85846 86090 83095 102611 95608 97895 94221 84441 77173 102995 77047 86769 99250 71560 94928 83327 94988 70105 107865 81343 70233 79209 95829
96140 98762 88905 93268 83022 93083 92123 99634 94664 90834 103273 103103 95921 93879 79017 83025 95219 83460 92982 111830 74376 107080 84191 102583 81997 114982 65878 71267 72256 94413
89072 92552 86443 80456 76682 100102 96602 86220 90162 85558 97258 90477 97578 78298 79744 86584 95236 81077 89182 105385 59418 98297 80837 100543 74501 119278 69383 62340 66811 94365
100528 95873 79691 80774 78723 96861 90882 95239 88027 84176 101153 92879 92228 88075 79334 83354 101496 78241 92446 103958 67343 106981 80230 99514 76532 110954 80262 76660 68952 91298
59766 67502 60453 62195 62581 69571 71820 69378 63957 64574 78028 71064 71593 67949 60218 65409 76500 63811 70841 78111 60086 78054 56138 66474 56413 75347 57872 54396 53554 65179
89742 84578 85268 77221 69347 86313 80366 82453 82467 77521 96285 84829 82940 83748 72024 68258 90663 70605 82727 87488 60937 86331 76571 94545 63372 109163 65716 60702 67630 79838
89035 86514 68565 72874 71358 90054 90514 77247 72117 76635 102263 86372 76477 78917 68305 76137 88867 67747 85092 92450 62497 89781 69285 85826 70455 90257 67518 65441 70827 88918
82353 94285 75430 74254 64708 88375 78105 75917 74922 73150 83113 84208 85754 84070 75058 69719 87777 66162 84797 96059 59661 94684 82125 91009 76484 102612 71239 60030 60473 81833
72183 67978 63965 67061 63754 76098 64148 60366 65356 59996 80070 68890 71827 75080 59064 61901 80128 65440 66879 78534 49963 75912 69941 77325 49083 90034 61044 60424 57293 68446
--------------------------------
75540 65806 69073 80054 78676 77245 71256 86526 83151 78075 78721 61837 71281 85433 68076 92234 77340 61858 78713 73713 76507 72874 84328 69216 82992 74035 70157 72821 81951 83551
65527 67461 66831 68897 73292 58128 62957 87691 71543 65275 70678 54142 65832 85752 69015 80813 72951 60042 70415 68659 58321 66001 70365 65759 71801 69460 64575 72026 67680 70981
59535 59461 68452 65812 65165 68832 61588 74253 71179 68490 70682 54435 58343 76702 72040 73165 72539 50434 64526 76060 64626 65352 72312 68327 61756 60486 63744 65105 70624 65421
66328 59085 64799 77584 67846 73310 68075 85462 68307 76252 66399 60512 65359 79920 69536 77764 79517 50562 72718 68616 68763 68385 76614 67287 68994 62917 68227 77811 67718 76884
75432 78862 81777 90161 83393 96851 91016 100385 86599 88110 82392 77987 71595 90704 84230 88344 86684 67216 88981 93636 90342 85439 97258 85078 84623 83407 85641 79010 81853 88953
50021 54622 54354 59101 50508 57542 53731 65586 59793 56021 57556 49371 55540 59540 59182 59750 57165 53863 55312 63814 67436 52839 61461 54758 67369 49130 56084 49753 59074 58144
80776 74975 80717 85499 76287 78966 78209 95423 90600 80969 76093 66484 70022 93202 84913 92397 90838 67420 86008 83915 85577 79367 88203 76217 80019 75350 76974 82775 84562 83812
68396 58820 63805 73050 65694 83749 66821 77785 68580 77400 74390 70118 75337 79748 64380 80810 77289 54381 64696 70506 68149 65039 78113 65444 80063 58288 71926 70075 72164 76426
58095 59566 66220 63552 58980 68197 53564 76514 67726 69333 60027 51838 63417 76189 67441 68210 70474 52336 65053 71012 72438 63870 78000 62511 69801 58984 60560 69788 62957 65887
65284 68589 69228 86701 77806 84047 72098 90264 77469 80057 78359 69631 72766 79255 70691 87432 75926 60753 80233 83417 79280 70612 82236 68776 82364 70093 68117 74062 71178 82295
79297 65500 76385 78498 72080 76763 72066 92157 80648 74654 72627 66745 73469 87044 76432 89157 77927 64523 79015 76857 79613 71867 91600 72503 82743 66128 78225 72170 75245 82373
68204 72567 76095 81884 75105 82489 73048 96649 77386 79771 83115 66530 75230 90989 78296 77422 82797 66676 80075 74810 81181 76624 81775 77567 88034 71973 68576 73065 84386 83972
72741 77299 80283 83452 83497 77590 86493 103696 90079 84783 85986 65954 73336 91034 84918 89540 95954 75603 89360 89593 88210 78031 95124 82356 93608 77707 89591 70130 88109 84682
67477 70003 80661 77629 74196 74995 72868 88082 78997 79813 73893 63900 71638 95075 81906 82651 91117 58995 77351 76589 80688 76940 83303 80099 78547 78094 71811 83458 82144 76447
56697 57871 64273 72161 71063 70679 60661 86115 65374 63319 68605 58139 71755 85938 68288 73779 72564 51494 69373 66199 70799 70238 76871 57560 75847 64989 54234 69659 66140 72364
43198 59302 64359 63724 55870 71636 55268 72922 73185 59211 56787 51487 61687 66032 62061 60414 65617 59501 59215 64276 67421 59125 72741 55869 71825 58493 62588 52065 58507 59625
84335 80169 83508 82900 85594 86778 82358 104512 93621 86694 85904 73592 84757 104623 89917 95124 89958 75210 84678 92974 94849 92306 104200 84362 103308 85269 83638 81926 88667 85949
70000 75067 66909 74086 74566 81704 79095 96545 74651 76784 74071 68665 73436 86034 83146 88109 84713 67254 77323 85996 82409 68134 83836 72851 90053 69182 68977 72983 70489 83417
70654 62790 76655 78622 66734 68164 66502 84585 82377 78364 73607 61016 64616 79015 74474 86712 83137 59335 74140 77246 74802 70896 83888 77078 72530 67822 73886 75028 74433 72141
55223 61990 69159 75929 59594 78027 67331 71839 67693 73239 68184 64358 65280 76695 70019 75663 73471 52844 70901 70413 71512 63730 67399 71022 64662 63080 66485 69362 68087 68685
69388 61438 77385 85687 71046 87990 74140 86992 69673 72605 78610 70954 82216 94771 77087 87900 74300 59444 74902 75300 77562 76225 84681 66140 82109 72868 77125 77566 77749 79791
69436 77829 71743 74819 74564 85778 87027 93796 76606 81576 69088 72791 73436 91314 86585 82039 84371 68575 85358 90298 85156 73780 81658 76131 79673 60118 86366 71602 73031 82539
59349 73346 70237 75756 70556 76545 63297 82597 69554 69167 74655 63879 76968 87607 70601 74266 77294 60632 70130 73273 75435 76289 71277 71250 74520 73053 59231 73724 72297 74288
47451 49395 64527 75403 59098 71975 55444 70433 71461 64302 61563 56355 64626 69564 64749 62240 65305 49623 64161 71516 75137 66787 72145 57634 65784 53168 65614 61214 60584 63478
80441 75501 85012 90469 79314 88572 77873 100798 84534 87050 81456 70798 76526 93487 83736 87598 99307 71134 84160 81471 86836 76332 94036 75308 88359 78502 80817 83129 87250 91523
83858 69446 69984 81957 74749 81725 75421 93614 80562 83679 76837 73844 76766 90297 79879 87044 80355 63199 79582 84080 84194 82156 87130 75574 84905 71921 75118 80038 76853 83641
72011 73732 77549 89416 84490 86157 78567 94562 88118 82707 88528 73745 74114 94033 80308 97970 84278 63634 81932 92991 80495 90322 87480 83182 84107 80514 81305 84399 79191 82468
73818 76802 80547 82961 76689 85181 74528 94686 84907 84246 87586 73029 84882 94854 87238 88479 95086 69643 78978 86983 88320 82968 90409 85770 85008 77941 80714 83280 88850 82270
67266 67381 70065 80123 76417 73145 69752 94511 76528 76268 80447 61023 68747 88512 69564 83743 82507 59653 77002 78439 71072 78743 80550 66992 84586 76813 67256 79009 72597 78050
58011 44780 53577 58318 50777 60870 53886 66956 64121 60536 55925 48229 44302 57810 61719 59762 56478 49120 55829 61150 55166 49677 63447 50816 55461 47905 57338 52089 54716 54985
--------------------------------
55182 59851 52733 47849 61947 47707 64436 49869 55769 53426 65492 55556 57878 39996 57794 41252 58143 59923 51260 65696 51434 60923 48587 72019 58883 50829 66368 41433 44834 70423
77130 70379 77882 83767 75608 62719 81884 74291 82373 76790 81376 79365 72684 74022 88788 70413 75384 77936 72056 82994 62823 82049 63924 98679 77203 57751 88464 62895 57803 81960
69848 66769 59275 51707 70007 59841 77988 66776 65110 62684 78575 69549 64370 48312 72729 56739 56791 71419 58188 81671 55980 65559 64426 75651 75227 49007 78884 52137 52213 77231
73571 71858 68609 67400 76318 63366 79146 68828 81152 71262 85405 76981 77941 64880 80992 64439 71469 71826 71226 78570 61485 73322 67524 87665 79516 52936 86665 55355 61532 74905
67395 63730 75015 73493 76200 58614 71325 68167 76058 71043 68969 64125 63426 72173 82245 64627 65783 65446 60999 79915 63227 72973 65205 89393 70985 50807 81816 57421 59605 70881
77834 73568 74047 78091 86069 67651 83780 80885 92325 78206 88858 79370 75285 73135 89846 62974 69982 79769 75485 92992 65415 85264 68627 97409 81966 60745 87813 66895 71753 79465
87709 79060 81851 80849 85473 67379 82521 89498 86495 78372 86357 86649 78777 77066 89266 72874 74756 89143 74097 97022 73785 83339 76247 103165 88427 70514 88857 72477 65803 87004
81628 87497 80481 70021 91195 81489 86088 74623 85102 75605 85659 83372 81655 72282 91264 70536 85802 79808 73533 89952 77829 81011 77737 99209 84464 75470 94598 62116 68006 86158
64265 57058 66811 64663 72519 54843 70372 69916 67405 64724 74868 64766 61081 55550 75179 64855 66009 75006 62288 75873 61668 72681 63184 88532 73510 54312 80559 55847 51572 74158
77996 73492 79944 69858 76386 64728 80292 69628 79480 72098 78451 65209 64490 65364 89837 63556 64475 79836 67991 81768 68886 77151 66760 83339 71688 53570 89696 57304 56800 81821
93391 88499 98933 88138 95249 79975 104558 97205 100611 90510 93281 86002 76323 83974 113845 83642 87981 90433 84531 100056 89980 93181 73213 115743 89745 70289 110807 74193 64343 95650
85765 75688 80742 68529 86767 72423 74459 79219 70375 72249 81653 68994 74337 63949 87290 72523 68738 82047 67258 96731 74219 86688 74731 88153 83867 60621 86142 64119 64267 82104
60553 57974 64792 56799 60502 46478 68800 70413 67353 59711 62300 60622 51563 52280 75121 56136 57053 65602 57573 69268 55779 55965 54806 68999 61625 45492 77424 56997 46952 75206
63531 63517 76345 69128 66063 60100 65122 69953 66794 66550 74533 56702 59414 63351 70069 61574 60223 68472 64058 84160 68781 63713 61532 88188 69033 58115 70608 64620 55460 82290
69288 72270 66554 56251 77348 68135 71868 60079 66178 58644 68349 66441 59031 57323 72633 53138 62704 70248 60215 80038 63635 68349 67071 78385 68025 61979 71818 52463 59716 72614
78096 81897 78326 70798 93063 78516 91020 80412 80591 79712 84548 69863 71032 73018 97675 80111 83400 77415 77118 99033 80309 81551 80166 102507 91033 70914 96386 65695 65608 91268
79223 74422 79961 75695 81835 73162 81636 74713 83592 75108 89157 78972 75920 70030 86344 70264 73904 80305 73180 95106 73147 76822 75944 97902 83451 65785 86501 63862 74409 91312
76125 79068 81124 79994 79257 68504 82619 70097 86041 78497 78285 81319 72447 75950 92451 62760 66193 83130 68815 87009 72241 85715 71724 94724 73435 66215 93981 58363 67677 76255
73592 76819 79505 72463 85608 66862 88280 74138 90220 80372 84919 78394 69744 62428 82552 63838 75763 84958 84765 88652 77806 92024 78843 108797 77918 70069 92576 64607 69287 86596
73532 67575 75985 66420 77285 65170 68512 72122 86870 75923 77147 65980 66200 67768 79875 66387 69744 65686 70331 75553 66161 72992 61025 84905 70577 59686 81027 60215 64602 78898
63390 54408 67843 65656 61591 53982 63760 65720 66392 67120 77004 63155 60873 59461 79483 61295 54486 73860 63857 78664 53817 71190 54365 80122 71401 46882 74700 55043 54587 71033
71621 77727 70568 65811 81662 62215 78294 70677 68292 69650 76269 58682 67384 54598 74645 66120 77627 80084 66081 88777 69807 75073 69520 86949 79217 57403 82413 63871 55103 87606
81912 81017 77941 79026 86510 75997 82661 78454 80183 77278 95590 74600 77174 71148 87146 64329 70290 93828 72214 98220 71366 88168 72623 104971 84478 70965 82378 71707 71281 84880
70365 64942 67590 64868 71898 54562 80246 60150 78498 63147 79144 65429 70195 52792 74177 46029 61391 69262 69353 77168 62812 67557 58844 86161 60460 52234 80546 54376 57021 81259
86683 83190 76796 76415 89755 71159 85450 84759 86087 75543 79820 79927 73585 71414 96272 64470 77158 86338 64030 93687 65111 79753 71417 89374 80009 64448 86716 69011 68941 87470
69026 69314 70716 64509 78483 67781 80863 72917 82145 67238 81682 69130 68791 70006 92327 73081 72692 74387 69262 93496 67026 72335 60968 88541 81644 58336 84539 61283 58853 80911
52943 51827 57681 53948 62139 46978 59508 58895 65059 55607 67578 60494 59348 53822 63920 59000 64166 55759 59034 66021 52071 60868 53474 77601 69536 43920 65655 44367 45645 64417
71103 66344 66983 73873 78790 49886 71575 54945 66097 57998 74176 64293 68197 67345 80866 50917 60302 73829 62312 79498 60345 75960 62310 82980 66043 57811 72079 53240 56592 74723
60555 64862 64187 61281 76859 56608 70902 68703 69589 62771 60239 59957 53801 51803 69665 52788 71572 66622 52326 75250 60882 74167 62024 89457 64549 55294 66347 52289 51824 71141
60372 53797 67127 55471 61790 44495 59760 67470 60722 58832 59155 61332 51561 56521 71073 58380 50839 58242 55929 70508 56803 59610 54521 65639 64560 43111 72643 51160 43859 66005
--------------------------------
71244 76290 58999 85927 85844 64921 76277 90309 78270 80252 79524 82878 74411 74292 81414 60972 69230 78716 61228 77992 59452 77450 76800 73623 82841 73565 75202 76762 76735 83893
73838 79806 60528 83431 86381 68805 76543 83618 73500 83915 75330 77023 72181 74046 78244 57969 71111 71009 63574 68384 59999 82295 73203 65012 70290 78914 70741 80991 77492 83448
64463 77308 63017 88222 85700 66203 75531 80641 71113 74451 74563 63691 61830 79867 77724 54287 62918 67343 67474 71327 58739 72329 83847 61617 72251 78777 75274 84989 76697 78426
61475 78532 63477 76428 84003 62015 70908 84011 67814 71539 73243 71177 68589 70748 73237 51422 60214 63172 66330 67231 56847 77226 75260 60873 66945 70203 63949 72076 72692 74541
69204 75370 73386 89146 84916 71176 82365 91808 71016 79201 84469 81216 77508 77868 81256 64597 72286 82084 64474 80817 77460 76451 89163 66957 78013 86829 77559 81162 79335 78917
69444 83059 65847 84521 81994 61830 74939 96284 78857 83773 83200 81951 76473 81749 86318 60187 71057 76128 66028 67753 64975 84901 77233 62056 80829 78364 71125 79988 80209 85316
61819 64606 60024 75819 62867 63282 69286 70868 52938 64137 67318 58073 64091 57918 58216 37328 47865 66200 45355 55275 52006 66188 70787 58714 48195 63808 44084 65428 66001 58528
74488 83700 71420 86942 96137 73885 90026 92421 80805 88396 80490 83574 83373 90362 92823 66440 88154 76791 79888 75494 58303 87189 83656 68571 77419 87438 84200 87828 77877 94895
70482 84585 74538 92727 87310 69534 86242 105027 80942 81227 88255 86726 84701 91384 84752 64925 70571 84538 75646 80004 76322 87188 91544 75979 93548 85332 84000 96386 80728 91716
63990 82466 79313 96339 81682 85182 89657 102552 75442 79602 74583 79229 83792 74245 76145 53004 75786 70288 64299 77602 75725 82010 92739 71190 73674 92713 81035 80668 79339 82752
73057 92915 78399 90120 93720 74248 85412 97979 79349 88543 91215 75366 86580 87168 83310 58849 67880 79505 83228 83087 77602 87421 95535 85759 85917 78965 86418 88206 78766 81316
67543 75136 69845 88144 82435 73708 74658 81528 72243 75969 84233 68291 74799 76840 81329 52899 62819 77162 62298 77391 64612 69036 83442 58280 72031 72768 73607 72669 75610 77315
61597 71004 65129 80310 85656 67454 80983 82357 68426 72030 73277 65092 64569 77841 74902 58557 61688 67074 65599 81256 59204 80964 81882 67659 68431 72644 71500 73110 66742 76847
80459 83390 80825 99669 94651 82885 95536 101992 77895 90927 97789 84649 88706 79353 83665 73767 74916 85655 73012 84703 85811 91359 88807 70736 82319 93093 78368 93607 91430 77318
81307 88335 65922 90574 97568 69177 89087 91997 81675 90994 87259 80935 89437 82804 78769 65027 65688 81419 69499 81403 68075 90893 88328 76439 81714 77675 76457 91913 88918 88993
67009 82039 68802 90169 81253 75678 90085 84628 73414 82112 79670 66288 82666 73888 71759 54461 62841 76402 71114 68336 65610 76984 81917 68019 69097 79387 77379 86683 78329 74159
62320 70645 67138 83660 72809 61968 78525 87858 60575 64229 71318 78685 67901 67244 65814 50749 60879 66277 58501 67473 69201 75395 81147 68553 71629 77801 70151 78802 65603 75645
60753 68216 57998 80054 78124 60697 71102 76406 65626 70877 68369 64903 61827 75742 63595 57954 58356 65818 60759 68602 56421 67086 74806 51944 68170 75966 69594 76151 69338 72464
65419 70707 70328 84128 79829 74715 75565 83294 65262 74944 75613 66001 80180 76531 72863 54767 59184 70390 61020 75000 73455 70389 81356 61023 66045 77878 73062 74302 70735 72260
75824 76153 78778 92709 90198 70030 80448 88735 73145 79036 92029 76619 78736 75493 82485 62866 67110 79390 72956 82900 76717 76457 83322 67765 78456 73991 80461 88011 78181 77118
68042 69659 72744 87252 81824 73983 78893 88052 69679 76998 81932 67185 73623 74702 72969 56810 68109 67953 66584 69622 61400 73226 76362 61267 74603 75244 77494 74125 69367 74807
86402 88202 81427 96833 94411 76306 83853 98327 80157 94395 103262 85643 83632 90587 94980 69404 79273 83719 77991 82774 85275 96843 92766 68792 83193 90294 78733 95181 92068 80793
67671 76726 78158 87349 96776 69264 80982 90885 79605 76851 81341 79289 74106 77743 84410 60667 66613 76125 70126 83858 69183 83196 84640 68683 71729 77793 79516 85888 81975 88532
77906 83760 73290 90787 84250 68664 84573 98939 69353 74507 78226 81047 81700 73791 75895 58960 57991 68430 70490 82248 74364 87118 84074 74153 77370 78018 70300 91775 75081 83644
69139 72630 66750 83780 82986 61948 68644 88697 71191 79025 76633 75894 64118 68753 76187 62471 72147 59634 71326 71397 70738 71738 77729 61215 78548 80897 81059 79857 72473 75356
67239 67174 62047 84077 75213 67750 71075 76898 57512 72104 74605 68402 62222 63421 63771 52543 60343 65846 49806 62899 61078 65507 75517 54923 57831 78048 55399 68054 71630 61979
63903 73424 76321 95426 79950 81829 84361 94262 70124 72363 84591 73752 78869 73506 74297 54712 67999 69206 66252 72179 68775 77415 82442 60601 74331 85922 78806 81838 76044 75636
59087 63651 69109 81805 79702 68552 77607 82548 58534 60999 72312 63122 62848 70587 65202 57555 55617 59706 63660 73362 62362 69131 77393 57621 68498 71897 72080 71100 61429 69755
72376 83860 64103 87828 84421 78283 78462 88646 71281 86511 81685 69783 80897 76845 76693 52986 66929 70828 64915 76271 67975 81768 85837 72466 73780 82591 71717 78149 81626 72295
47766 53432 53879 60535 55828 50201 56629 65186 50450 51976 58331 58011 60671 52028 55307 37538 49926 52649 46177 52225 53689 59526 58930 48235 53971 53239 56377 64179 52793 61839
--------------------------------
65505 69393 92387 87998 70954 84504 90472 81327 71867 71147 80839 76222 92697 77980 95063 81788 71753 87502 87850 79272 88937 87597 72077 95908 86283 92211 102243 68573 77865 74336
71388 73704 87459 85846 60602 84987 86254 92122 75105 63256 77223 78146 85647 74393 87532 77185 69665 83683 80131 75487 88208 87205 68268 91603 79042 84910 96991 75430 69447 81422
51923 53218 58180 75781 52954 66083 58391 68655 53670 57493 61345 59937 71586 56036 75004 65685 52812 73665 57776 60687 66095 66295 51703 72453 71252 68684 74686 57097 50606 60274
73653 65705 77165 90034 65833 86365 80654 92014 64755 64691 80989 73071 88332 77010 90909 69367 72366 86296 83553 76571 87317 94279 69117 88819 85413 90555 102562 71984 71469 77147
88585 73442 88275 100846 61377 97181 99652 102588 75856 73400 85584 89494 93088 86160 102450 89365 82993 99000 94772 90591 91634 96205 81324 101388 80621 99804 111267 75680 69818 82397
56761 65606 78751 86833 67065 83330 76152 87144 65938 64698 80463 68675 90422 68367 89825 69562 69751 84315 84426 75303 78804 88783 71810 78345 74558 80283 89641 62603 63611 72476
63872 54034 68641 70511 53741 65205 72167 77804 49457 53964 63044 65538 77577 68321 72234 67591 55811 72691 71088 63567 70315 68635 57866 71451 70787 72633 88278 65477 60979 58015
58256 59691 62176 66248 48404 64850 60438 77110 55411 52752 58419 59508 70253 68960 72337 63541 54618 68830 65587 61173 67331 73925 57160 71730 62308 70302 77743 61653 55737 57894
77244 63641 78100 82194 71505 86868 93916 85645 67053 68640 73348 66012 92931 69683 85229 79003 87310 89744 77528 71727 78967 81134 71033 82665 78118 88369 96309 69721 66664 68990
81649 78234 87687 103157 83127 99133 108724 97352 71765 81009 94827 95707 102088 87843 99486 92433 82646 106416 101587 86731 99206 94068 82178 109221 91362 104108 112201 79586 84405 85634
74000 66365 71819 74488 58036 82677 83956 80117 63892 67603 66696 64172 90269 73308 81251 74683 73305 75117 77837 69722 77466 73357 68803 73628 68519 78082 92512 72908 70245 65762
82621 69717 68993 84314 55135 86578 84520 85575 65558 61503 65530 73753 84064 71560 87974 75581 71497 85035 76151 74420 81435 75417 67997 89610 69639 87324 88758 76514 63588 69623
65576 67389 72253 82590 51158 75302 76850 84472 59583 63131 77002 65750 78454 61379 81388 68488 72740 79723 78045 73734 76327 74706 65761 79854 61793 81944 83392 49814 61062 61806
66929 68842 77257 94698 67527 84157 79553 87776 70927 72297 84209 76479 93064 67920 88289 74032 75574 91857 81649 70942 85698 84349 71199 89110 73533 86721 96368 67264 72442 76966
80566 63298 67694 86355 68262 86298 79460 93422 67487 62348 72836 72405 81642 74653 89946 76191 72200 90047 72639 77428 77335 81952 69509 91860 74953 89127 87753 71380 61931 68357
72406 65214 80758 87979 65359 83220 85941 84853 72211 65388 72913 71433 85092 66441 89235 71537 74414 84089 85866 78630 83877 90616 71461 86413 74820 85637 94424 65970 62924 68759
68891 60125 84414 86976 66106 77559 88983 80552 63470 71688 73942 73692 91399 77997 85938 78302 72982 83076 82801 67163 84302 78528 66605 84432 78989 90885 98696 68905 74568 69222
81246 70458 79147 86743 69183 77532 94778 86162 66268 69341 77881 78451 83534 74821 86636 76701 77291 86417 81167 70349 78794 89083 71806 87160 82887 92634 94406 75507 66887 65775
82548 72491 83251 76320 61769 83415 93064 93799 65353 60131 73648 73127 85627 79948 90542 81959 74331 84692 72726 72733 83883 85056 67564 93456 90646 89995 96795 75413 70263 70178
85214 68344 80076 95757 62658 85219 88131 97872 62599 65030 83280 69896 88229 66327 99527 78820 86587 88077 75341 68207 84543 81526 73940 83749 78725 95487 98033 72171 70724 67304
84887 72466 80133 87635 71045 83106 94212 96446 65705 68150 81672 73431 92003 69837 91015 83207 82812 93736 74559 67881 81185 81902 75868 84746 82610 89162 97595 74299 68571 68623
79604 81854 87886 90663 67144 91397 98764 88595 75417 75308 87373 83054 97358 86057 97489 89075 83792 98737 91682 76254 92308 95876 82687 92470 86042 96553 105988 67068 71486 80678
65143 66916 74471 79379 61519 84193 86285 74853 64946 60983 68081 61966 86541 62593 83394 81155 69738 83256 77095 77871 80571 79043 65628 84648 71578 83174 88246 73381 69258 67661
77478 67331 84489 89733 71657 90247 93316 82103 68040 85265 90307 81987 94477 83153 86965 80324 84935 88316 88609 73320 92597 81129 76128 98953 84839 96163 111122 72861 75208 79557
80227 66415 80551 83287 63548 82798 89590 86000 68201 62742 79075 74889 82822 73020 90958 80474 75282 90832 70910 76502 74583 82226 74339 86271 80816 91207 97548 73106 67255 69824
67080 68712 89179 81787 53234 72519 82505 89597 63490 61997 75189 70372 86535 66022 84559 75385 70703 74729 76039 74314 82641 83594 64074 85615 73410 79661 91688 72876 63823 65467
61982 58007 76700 81822 65976 68697 72868 83999 60989 63748 69510 64288 86388 67341 77724 67919 66305 79684 76125 65186 73965 72986 68796 71032 65299 74500 89517 64630 62111 60293
59729 52423 73389 79732 57464 79837 78619 77152 61955 65923 69730 62683 85818 71842 85404 67316 66644 70403 78955 72111 75025 78254 62310 80845 66065 80206 89158 56244 61619 66790
76157 65520 70136 79485 54692 81874 82506 79783 68174 54646 68180 65935 78449 67266 82257 71015 77454 86138 77922 71928 72264 80537 68351 82603 64873 89588 84472 65081 59950 64123
71967 58125 78753 77337 65853 74076 76530 86324 67867 77546 73726 64968 89129 72901 86060 73336 80934 76513 78889 72676 79044 86430 68049 81792 72282 92420 95841 65498 64291 56466
--------------------------------
78064 74542 77815 75249 59882 70818 73782 77524 67533 73512 76215 74896 85591 80468 59284 65652 83383 66261 65602 79993 63253 84559 67048 84405 71142 84401 62740 63087 60459 79659
82481 82653 78589 79906 72542 86646 83440 75246 82192 72935 95393 85814 85691 88957 72436 69132 92052 78577 84536 93281 65975 92063 74726 79121 62258 100151 67717 62025 70294 80594
82902 82270 73726 73254 65175 87289 80352 80051 85454 73077 86902 78276 83334 77413 61982 68629 87952 69205 83949 92319 53935 90677 73934 88210 69883 107411 60800 55493 55082 77107
77156 80084 80197 71085 65752 82614 77900 76496 81583 76717 86737 74790 80770 70663 66819 69751 83983 65317 83744 92540 56128 82760 75532 90958 59030 105169 59286 45985 59623 75277
77747 84568 66159 63753 56502 69363 75065 75117 68369 71000 77145 76534 70460 69865 65369 62496 82369 60412 68606 77773 57208 79836 57081 75159 66236 86268 63826 58685 55224 75399
55612 62489 57830 61363 56086 65469 71600 58511 59027 63644 63640 68767 73644 62680 61235 58594 70732 53706 60937 70153 50228 70612 52105 66194 48136 78862 54982 50674 55832 63900
84681 92241 76163 69228 69248 97642 83546 77300 77398 74561 98029 83558 87994 78330 71886 78081 89138 75318 85789 98329 54734 90215 89193 94857 66190 100823 72450 62814 64435 90298
69274 76283 80680 71382 68834 76975 80945 75488 79084 72219 79007 73286 79935 73232 59278 63362 81671 63167 72434 82352 54283 79069 65010 74205 54040 93851 58659 49990 59820 83244
64958 77448 54325 61888 57195 72492 73049 60303 59621 58898 75880 65691 68320 63280 57103 56070 64131 55066 71265 72136 51493 71468 54460 61856 54979 77234 54098 42567 53251 67591
88496 79946 69402 77066 72113 75920 80262 78555 73860 75350 88632 79576 79180 82687 64127 69738 92200 70741 80682 87533 59920 86318 69746 86344 64579 96521 68012 66125 65731 82443
78402 80590 72434 69468 62650 80061 73029 71800 71346 68316 86517 76601 74329 72736 62608 70308 78586 66060 78286 85530 57319 80528 65018 83698 67651 88662 61096 54222 57553 74864
66789 70534 60063 64272 61680 79809 70689 66856 65974 65976 74073 68063 76659 64621 63052 67686 76994 61989 72208 80380 51256 83176 61762 76924 63293 92193 55719 50368 44243 66702
93280 89510 77310 74633 75370 84240 88384 81996 75655 78433 101195 88387 90560 87382 74287 76566 91333 73683 85791 93766 64869 91052 65379 79711 70787 101228 73546 68052 73816 78399
81667 85758 71031 73517 67163 78963 84107 80361 67003 81421 84377 84142 93256 77016 81737 68151 96617 66821 78395 88055 62050 96699 62877 82491 73862 106120 70215 68343 65720 75922
75188 76148 64539 59782 63274 71236 72619 73532 70582 67733 82377 77209 77596 64321 69089 64318 74850 66184 74700 79855 48696 80297 65183 79305 60817 89353 56649 58254 51155 77778
81613 90967 82918 70895 72545 83407 77540 82154 71771 70226 90364 84170 82395 77005 67893 71605 79161 78335 83246 88452 58375 90344 76123 83403 70037 91514 69378 55437 64206 92195
94071 92549 81930 83807 82998 85410 93305 91638 82502 78330 95633 90035 97909 91499 73370 80776 88933 74065 88689 100470 67489 95515 73510 85820 72296 105461 72580 63086 74349 91041
66148 81156 61882 64914 57017 80430 65070 61161 58879 64552 76071 72883 77392 72140 63608 61169 74356 55538 68873 86781 56794 86479 69411 80379 63716 84417 59564 57257 58670 77295
82045 88315 69860 67799 62873 80746 75253 80034 71535 71555 85803 81063 82627 79616 67268 64597 86463 74919 83099 93209 60069 97190 77273 83283 71973 96584 68031 59407 57839 85912
79924 85787 77195 71205 69077 85992 79275 76015 73243 75967 87315 77173 77808 77302 63819 75838 82160 67414 79639 86407 55171 84733 67132 91597 71502 94617 71984 61406 63837 78816
78328 70745 62966 65432 63346 73309 74986 68486 62973 66429 84311 65846 78420 68011 62017 66709 74676 60589 76643 83332 52865 79450 63966 79645 59316 83033 58574 53229 61476 68637
89629 103555 87038 85146 75569 89362 91474 85846 86090 83095 102611 95608 97895 94221 84441 77173 102995 77047 86769 99250 71560 94928 83327 94988 70105 107865 81343 70233 79209 95829
96140 98762 88905 93268 83022 93083 92123 99634 94664 90834 103273 103103 95921 93879 79017 83025 95219 83460 92982 111830 74376 107080 84191 102583 81997 114982 65878 71267 72256 94413
89072 92552 86443 80456 76682 100102 96602 86220 90162 85558 97258 90477 97578 78298 79744 86584 95236 81077 89182 105385 59418 98297 80837 100543 74501 119278 69383 62340 66811 94365
100528 95873 79691 80774 78723 96861 90882 95239 88027 84176 101153 92879 92228 88075 79334 83354 101496 78241 92446 103958 67343 106981 80230 99514 76532 110954 80262 76660 68952 91298
59766 67502 60453 62195 62581 69571 71820 69378 63957 64574 78028 71064 71593 67949 60218 65409 76500 63811 70841 78111 60086 78054 56138 66474 56413 75347 57872 54396 53554 65179
89742 84578 85268 77221 69347 86313 80366 82453 82467 77521 96285 84829 82940 83748 72024 68258 90663 70605 82727 87488 60937 86331 76571 94545 63372 109163 65716 60702 67630 79838
89035 86514 68565 72874 71358 90054 90514 77247 72117 76635 102263 86372 76477 78917 68305 76137 88867 67747 85092 92450 62497 89781 69285 85826 70455 90257 67518 65441 70827 88918
82353 94285 75430 74254 64708 88375 78105 75917 74922 73150 83113 84208 85754 84070 75058 69719 87777 66162 84797 96059 59661 94684 82125 91009 76484 102612 71239 60030 60473 81833
72183 67978 63965 67061 63754 76098 64148 60366 65356 59996 80070 68890 71827 75080 59064 61901 80128 65440 66879 78534 49963 75912 69941 77325 49083 90034 61044 60424 57293 68446
--------------------------------
75540 65806 69073 80054 78676 77245 71256 86526 83151 78075 78721 61837 71281 85433 68076 92234 77340 61858 78713 73713 76507 72874 84328 69216 82992 74035 70157 72821 81951 83551
65527 67461 66831 68897 73292 58128 62957 87691 71543 65275 70678 54142 65832 85752 69015 80813 72951 60042 70415 68659 58321 66001 70365 65759 71801 69460 64575 72026 67680 70981
59535 59461 68452 65812 65165 68832 61588 74253 71179 68490 70682 54435 58343 76702 72040 73165 72539 50434 64526 76060 64626 65352 72312 68327 61756 60486 63744 65105 70624 65421
66328 59085 64799 77584 67846 73310 68075 85462 68307 76252 66399 60512 65359 79920 69536 77764 79517 50562 72718 68616 68763 68385 76614 67287 68994 62917 68227 77811 67718 76884
75432 78862 81777 90161 83393 96851 91016 100385 86599 88110 82392 77987 71595 90704 84230 88344 86684 67216 88981 93636 90342 85439 97258 85078 84623 83407 85641 79010 81853 88953
50021 54622 54354 59101 50508 57542 53731 65586 59793 56021 57556 49371 55540 59540 59182 59750 57165 53863 55312 63814 67436 52839 61461 54758 67369 49130 56084 49753 59074 58144
80776 74975 80717 85499 76287 78966 78209 95423 90600 80969 76093 66484 70022 93202 84913 92397 90838 67420 86008 83915 85577 79367 88203 76217 80019 75350 76974 82775 84562 83812
68396 58820 63805 73050 65694 83749 66821 77785 68580 77400 74390 70118 75337 79748 64380 80810 77289 54381 64696 70506 68149 65039 78113 65444 80063 58288 71926 70075 72164 76426
58095 59566 66220 63552 58980 68197 53564 76514 67726 69333 60027 51838 63417 76189 67441 68210 70474 52336 65053 71012 72438 63870 78000 62511 69801 58984 60560 69788 62957 65887
65284 68589 69228 86701 77806 84047 72098 90264 77469 80057 78359 69631 72766 79255 70691 87432 75926 60753 80233 83417 79280 70612 82236 68776 82364 70093 68117 74062 71178 82295
79297 65500 76385 78498 72080 76763 72066 92157 80648 74654 72627 66745 73469 87044 76432 89157 77927 64523 79015 76857 79613 71867 91600 72503 82743 66128 78225 72170 75245 82373
68204 72567 76095 81884 75105 82489 73048 96649 77386 79771 83115 66530 75230 90989 78296 77422 82797 66676 80075 74810 81181 76624 81775 77567 88034 71973 68576 73065 84386 83972
72741 77299 80283 83452 83497 77590 86493 103696 90079 84783 85986 65954 73336 91034 84918 89540 95954 75603 89360 89593 88210 78031 95124 82356 93608 77707 89591 70130 88109 84682
67477 70003 80661 77629 74196 74995 72868 88082 78997 79813 73893 63900 71638 95075 81906 82651 91117 58995 77351 76589 80688 76940 83303 80099 78547 78094 71811 83458 82144 76447
56697 57871 64273 72161 71063 70679 60661 86115 65374 63319 68605 58139 71755 85938 68288 73779 72564 51494 69373 66199 70799 70238 76871 57560 75847 64989 54234 69659 66140 72364
43198 59302 64359 63724 55870 71636 55268 72922 73185 59211 56787 51487 61687 66032 62061 60414 65617 59501 59215 64276 67421 59125 72741 55869 71825 58493 62588 52065 58507 59625
84335 80169 83508 82900 85594 86778 82358 104512 93621 86694 85904 73592 84757 104623 89917 95124 89958 75210 84678 92974 94849 92306 104200 84362 103308 85269 83638 81926 88667 85949
70000 75067 66909 74086 74566 81704 79095 96545 74651 76784 74071 68665 73436 86034 83146 88109 84713 67254 77323 85996 82409 68134 83836 72851 90053 69182 68977 72983 70489 83417
70654 62790 76655 78622 66734 68164 66502 84585 82377 78364 73607 61016 64616 79015 74474 86712 83137 59335 74140 77246 74802 70896 83888 77078 72530 67822 73886 75028 74433 72141
55223 61990 69159 75929 59594 78027 67331 71839 67693 73239 68184 64358 65280 76695 70019 75663 73471 52844 70901 70413 71512 63730 67399 71022 64662 63080 66485 69362 68087 68685
69388 61438 77385 85687 71046 87990 74140 86992 69673 72605 78610 70954 82216 94771 77087 87900 74300 59444 74902 75300 77562 76225 84681 66140 82109 72868 77125 77566 77749 79791
69436 77829 71743 74819 74564 85778 87027 93796 76606 81576 69088 72791 73436 91314 86585 82039 84371 68575 85358 90298 85156 73780 81658 76131 79673 60118 86366 71602 73031 82539
59349 73346 70237 75756 70556 76545 63297 82597 69554 69167 74655 63879 76968 87607 70601 74266 77294 60632 70130 73273 75435 76289 71277 71250 74520 73053 59231 73724 72297 74288
47451 49395 64527 75403 59098 71975 55444 70433 71461 64302 61563 56355 64626 69564 64749 62240 65305 49623 64161 71516 75137 66787 72145 57634 65784 53168 65614 61214 60584 63478
80441 75501 85012 90469 79314 88572 77873 100798 84534 87050 81456 70798 76526 93487 83736 87598 99307 71134 84160 81471 86836 76332 94036 75308 88359 78502 80817 83129 87250 91523
83858 69446 69984 81957 74749 81725 75421 93614 80562 83679 76837 73844 76766 90297 79879 87044 80355 63199 79582 84080 84194 82156 87130 75574 84905 71921 75118 80038 76853 83641
72011 73732 77549 89416 84490 86157 78567 94562 88118 82707 88528 73745 74114 94033 80308 97970 84278 63634 81932 92991 80495 90322 87480 83182 84107 80514 81305 84399 79191 82468
73818 76802 80547 82961 76689 85181 74528 94686 84907 84246 87586 73029 84882 94854 87238 88479 95086 69643 78978 86983 88320 82968 90409 85770 85008 77941 80714 83280 88850 82270
67266 67381 70065 80123 76417 73145 69752 94511 76528 76268 80447 61023 68747 88512 69564 83743 82507 59653 77002 78439 71072 78743 80550 66992 84586 76813 67256 79009 72597 78050
58011 44780 53577 58318 50777 60870 53886 66956 64121 60536 55925 48229 44302 57810 61719 59762 56478 49120 55829 61150 55166 49677 63447 50816 55461 47905 57338 52089 54716 54985
--------------------------------
55182 59851 52733 47849 61947 47707 64436 49869 55769 53426 65492 55556 57878 39996 57794 41252 58143 59923 51260 65696 51434 60923 48587 72019 58883 50829 66368 41433 44834 70423
77130 70379 77882 83767 75608 62719 81884 74291 82373 76790 81376 79365 72684 74022 88788 70413 75384 77936 72056 82994 62823 82049 63924 98679 77203 57751 88464 62895 57803 81960
69848 66769 59275 51707 70007 59841 77988 66776 65110 62684 78575 69549 64370 48312 72729 56739 56791 71419 58188 81671 55980 65559 64426 75651 75227 49007 78884 52137 52213 77231
73571 71858 68609 67400 76318 63366 79146 68828 81152 71262 85405 76981 77941 64880 80992 64439 71469 71826 71226 78570 61485 73322 67524 87665 79516 52936 86665 55355 61532 74905
67395 63730 75015 73493 76200 58614 71325 68167 76058 71043 68969 64125 63426 72173 82245 64627 65783 65446 60999 79915 63227 72973 65205 89393 70985 50807 81816 57421 59605 70881
77834 73568 74047 78091 86069 67651 83780 80885 92325 78206 88858 79370 75285 73135 89846 62974 69982 79769 75485 92992 65415 85264 68627 97409 81966 60745 87813 66895 71753 79465
87709 79060 81851 80849 85473 67379 82521 89498 86495 78372 86357 86649 78777 77066 89266 72874 74756 89143 74097 97022 73785 83339 76247 103165 88427 70514 88857 72477 65803 87004
81628 87497 80481 70021 91195 81489 86088 74623 85102 75605 85659 83372 81655 72282 91264 70536 85802 79808 73533 89952 77829 81011 77737 99209 84464 75470 94598 62116 68006 86158
64265 57058 66811 64663 72519 54843 70372 69916 67405 64724 74868 64766 61081 55550 75179 64855 66009 75006 62288 75873 61668 72681 63184 88532 73510 54312 80559 55847 51572 74158
77996 73492 79944 69858 76386 64728 80292 69628 79480 72098 78451 65209 64490 65364 89837 63556 64475 79836 67991 81768 68886 77151 66760 83339 71688 53570 89696 57304 56800 81821
93391 88499 98933 88138 95249 79975 104558 97205 100611 90510 93281 86002 76323 83974 113845 83642 87981 90433 84531 100056 89980 93181 73213 115743 89745 70289 110807 74193 64343 95650
85765 75688 80742 68529 86767 72423 74459 79219 70375 72249 81653 68994 74337 63949 87290 72523 68738 82047 67258 96731 74219 86688 74731 88153 83867 60621 86142 64119 64267 82104
60553 57974 64792 56799 60502 46478 68800 70413 67353 59711 62300 60622 51563 52280 75121 56136 57053 65602 57573 69268 55779 55965 54806 68999 61625 45492 77424 56997 46952 75206
63531 63517 76345 69128 66063 60100 65122 69953 66794 66550 74533 56702 59414 63351 70069 61574 60223 68472 64058 84160 68781 63713 61532 88188 69033 58115 70608 64620 55460 82290
69288 72270 66554 56251 77348 68135 71868 60079 66178 58644 68349 66441 59031 57323 72633 53138 62704 70248 60215 80038 63635 68349 67071 78385 68025 61979 71818 52463 59716 72614
78096 81897 78326 70798 93063 78516 91020 80412 80591 79712 84548 69863 71032 73018 97675 80111 83400 77415 77118 99033 80309 81551 80166 102507 91033 70914 96386 65695 65608 91268
79223 74422 79961 75695 81835 73162 81636 74713 83592 75108 89157 78972 75920 70030 86344 70264 73904 80305 73180 95106 73147 76822 75944 97902 83451 65785 86501 63862 74409 91312
76125 79068 81124 79994 79257 68504 82619 70097 86041 78497 78285 81319 72447 75950 92451 62760 66193 83130 68815 87009 72241 85715 71724 94724 73435 66215 93981 58363 67677 76255
73592 76819 79505 72463 85608 66862 88280 74138 90220 80372 84919 78394 69744 62428 82552 63838 75763 84958 84765 88652 77806 92024 78843 108797 77918 70069 92576 64607 69287 86596
73532 67575 75985 66420 77285 65170 68512 72122 86870 75923 77147 65980 66200 67768 79875 66387 69744 65686 70331 75553 66161 72992 61025 84905 70577 59686 81027 60215 64602 78898
63390 54408 67843 65656 61591 53982 63760 65720 66392 67120 77004 63155 60873 59461 79483 61295 54486 73860 63857 78664 53817 71190 54365 80122 71401 46882 74700 55043 54587 71033
71621 77727 70568 65811 81662 62215 78294 70677 68292 69650 76269 58682 67384 54598 74645 66120 77627 80084 66081 88777 69807 75073 69520 86949 79217 57403 82413 63871 55103 87606
81912 81017 77941 79026 86510 75997 82661 78454 80183 77278 95590 74600 77174 71148 87146 64329 70290 93828 72214 98220 71366 88168 72623 104971 84478 70965 82378 71707 71281 84880
70365 64942 67590 64868 71898 54562 80246 60150 78498 63147 79144 65429 70195 52792 74177 46029 61391 69262 69353 77168 62812 67557 58844 86161 60460 52234 80546 54376 57021 81259
86683 83190 76796 76415 89755 71159 85450 84759 86087 75543 79820 79927 73585 71414 96272 64470 77158 86338 64030 93687 65111 79753 71417 89374 80009 64448 86716 69011 68941 87470
69026 69314 70716 64509 78483 67781 80863 72917 82145 67238 81682 69130 68791 70006 92327 73081 72692 74387 69262 93496 67026 72335 60968 88541 81644 58336 84539 61283 58853 80911
52943 51827 57681 53948 62139 46978 59508 58895 65059 55607 67578 60494 59348 53822 63920 59000 64166 55759 59034 66021 52071 60868 53474 77601 69536 43920 65655 44367 45645 64417
71103 66344 66983 73873 78790 49886 71575 54945 66097 57998 74176 64293 68197 67345 80866 50917 60302 73829 62312 79498 60345 75960 62310 82980 66043 57811 72079 53240 56592 74723
60555 64862 64187 61281 76859 56608 70902 68703 69589 62771 60239 59957 53801 51803 69665 52788 71572 66622 52326 75250 60882 74167 62024 89457 64549 55294 66347 52289 51824 71141
60372 53797 67127 55471 61790 44495 59760 67470 60722 58832 59155 61332 51561 56521 71073 58380 50839 58242 55929 70508 56803 59610 54521 65639 64560 43111 72643 51160 43859 66005
